STEPS 3 SIMULATIONS 2
[0.0, 0.0, 0.0] 
[0.06134564643799473] 
[0.03496042216358839] 
[0.03891820580474934] 
[0.07189973614775726] 
[0.09762532981530342] 
[0.0] 
[0.04155672823218998, 0.04155672823218998, 0.04155672823218998] 
[0.0, 0.0, 0.0, 0.0] 
[0.03430079155672823, 0.059366754617414245, 0.059366754617414245, 0.059366754617414245, 0.059366754617414245] 
[0.032321899736147755, 0.037598944591029027, 0.03825857519788919, 0.03825857519788919, 0.05408970976253298, 0.06398416886543536, 0.06530343007915566, 0.06530343007915566, 0.06530343007915566, 0.06530343007915566, 0.07058047493403694, 0.07124010554089709, 0.07124010554089709, 0.07387862796833773, 0.07387862796833773] 
[0.04116094986807388, 0.04722955145118733, 0.057783641160949875, 0.0691292875989446, 0.07071240105540898, 0.07941952506596306, 0.08390501319261215, 0.08548812664907653, 0.08680738786279683, 0.0870712401055409, 0.09234828496042216, 0.09366754617414248, 0.095778364116095, 0.09762532981530343, 0.09815303430079156] 
[0.029353562005277056, 0.034894459102902384, 0.038337730870712405, 0.04183377308707125, 0.04424802110817942, 0.046029023746701855, 0.04781002638522429, 0.049234828496042236, 0.050501319261213755, 0.051952506596306104, 0.053443271767810045, 0.05538258575197892, 0.05726912928759897, 0.05866754617414252, 0.05973614775725599] [0.031503957783641165, 0.04031662269129289, 0.044155672823219014, 0.047625329815303444, 0.04990765171503958, 0.051820580474934055, 0.05304749340369395, 0.055105540897097655, 0.05700527704485491, 0.057810026385224304, 0.05927440633245383, 0.06058047493403694, 0.06168865435356201, 0.06324538258575199, 0.06419525065963065] [0.029788918205804746, 0.03870712401055409, 0.043641160949868085, 0.04720316622691292, 0.04912928759894458, 0.051240105540897106, 0.05311345646437997, 0.05569920844327179, 0.0573614775725594, 0.0590369393139842, 0.06031662269129289, 0.06187335092348285, 0.06353562005277046, 0.06509234828496042, 0.06627968337730872] [0.03002638522427441, 0.039419525065963065, 0.04486807387862798, 0.04852242744063326, 0.05073878627968338, 0.053284960422163595, 0.055725593667546196, 0.057981530343007924, 0.05984168865435361, 0.0627836411609499, 0.06452506596306073, 0.06641160949868077, 0.06802110817941956, 0.06927440633245385, 0.07080474934036943] [0.02994722955145118, 0.03878627968337731, 0.044300791556728225, 0.04879947229551451, 0.05083113456464381, 0.05291556728232189, 0.054551451187335065, 0.056728232189973624, 0.05840369393139842, 0.06046174142480212, 0.0615963060686016, 0.06287598944591032, 0.06502638522427442, 0.06676781002638524, 0.06810026385224276] 
[0.03065523306948106, 0.03868513632365877, 0.04264731750219878, 0.04578276165347404, 0.047977132805628826, 0.05074758135444149, 0.0531618293755497, 0.05481530343007918, 0.056737027264731794, 0.05861037818821461, 0.060408970976253314, 0.06269129287598942, 0.06379507475813541, 0.06518469656992082, 0.06677220756376431] [0.027832014072119615, 0.035167106420404576, 0.04020228671943712, 0.04335532102022867, 0.04594107299912048, 0.04855321020228668, 0.05062005277044852, 0.05270888302550568, 0.05474934036939312, 0.0562489006156552, 0.05775725593667539, 0.05934476693051886, 0.060650835532101946, 0.061961301671064166, 0.06316182937554962] [0.02980211081794193, 0.03864555848724713, 0.043175021987686864, 0.04752418645558484, 0.05088830255057165, 0.05337730870712396, 0.05504397537379064, 0.057792436235707935, 0.059621811785400165, 0.0617810026385224, 0.06404133685136316, 0.06591029023746697, 0.06779243623570794, 0.0691336851363236, 0.07029463500439748] [0.028245382585751978, 0.03623570800351804, 0.040976253298153034, 0.04475813544415127, 0.047919964819700976, 0.04967458223394903, 0.051908531222515396, 0.05390501319261214, 0.05578715919085309, 0.05701846965699205, 0.05830255057167984, 0.05965699208443269, 0.06137203166226912, 0.06291996481970094, 0.0638830255057168] [0.030237467018469643, 0.03978891820580474, 0.044204045734388714, 0.04851802990325418, 0.051196130167106425, 0.0542392260334213, 0.05707563764291994, 0.05958223394898854, 0.06111697449428316, 0.06307387862796832, 0.06493403693931396, 0.06668865435356199, 0.06789797713280558, 0.06916886543535618, 0.0708399296394019] 
[0.07519788918205805, 0.08575197889182058, 0.0870712401055409, 0.09366754617414248] [0.21503957783641162, 0.24670184696569922, 0.3113456464379947, 0.32058047493403696] [0.28496042216358836, 0.36147757255936674, 0.43667546174142485, 0.4459102902374671] [0.28496042216358836, 0.36147757255936674, 0.43667546174142485, 0.4459102902374671] [0.40369393139841686, 0.5131926121372031, 0.5989445910290238, 0.6240105540897098] 
[] [] [] [] [] 
[] [] [] [] [] 
[] [] [] [] [] 
