0.005068994649394537 0.005068994649394537 0.005068994649394537 0.005068994649394537 0.005068994649394537 0.005068994649394537 0.005068994649394537 0.005068994649394537 0.005068994649394537 0.005068994649394537 0.005068994649394537 0.005068994649394537 0.005068994649394537 0.005068994649394537 
0.0008448324415657561 0.0008448324415657561 0.0008448324415657561 0.0008448324415657561 0.0008448324415657561 0.0008448324415657561 0.0008448324415657561 0.0008448324415657561 0.0008448324415657561 0.0008448324415657561 0.0008448324415657561 0.0008448324415657561 0.0008448324415657561 0.0008448324415657561 
0.014643762320473106 0.02450014080540693 0.027034638130104195 0.02900591382709096 0.02900591382709096 0.029850746268656716 0.03323007603491974 0.033511686848774994 0.033511686848774994 0.033511686848774994 0.033511686848774994 0.033511686848774994 0.033511686848774994 0.033511686848774994 
0.005632216277105041 0.007321881160236553 0.007321881160236553 0.007321881160236553 0.007321881160236553 0.007321881160236553 0.007321881160236553 0.007321881160236553 0.007321881160236553 0.007321881160236553 0.007321881160236553 0.007321881160236553 0.007321881160236553 0.007321881160236553 
0.013517319065052097 0.021684032666854407 0.021684032666854407 0.021684032666854407 0.021684032666854407 0.02196564348070966 0.02196564348070966 0.02196564348070966 0.02224725429456491 0.02224725429456491 0.022528865108420164 0.022528865108420164 0.022528865108420164 0.022810475922275416 
0.009574767671078569 0.010419600112644326 0.010419600112644326 0.010419600112644326 0.010419600112644326 0.010419600112644326 0.010419600112644326 0.010419600112644326 0.010419600112644326 0.010419600112644326 0.010419600112644326 0.010419600112644326 0.010419600112644326 0.010419600112644326 
0.005350605463249789 0.005350605463249789 0.005350605463249789 0.005350605463249789 0.005350605463249789 0.005350605463249789 0.005350605463249789 0.005350605463249789 0.005350605463249789 0.005350605463249789 0.005350605463249789 0.005350605463249789 0.005350605463249789 0.005350605463249789 
0.0016896648831315122 0.0016896648831315122 0.0016896648831315122 0.0016896648831315122 0.0016896648831315122 0.0016896648831315122 0.0016896648831315122 0.0016896648831315122 0.0016896648831315122 0.0016896648831315122 0.0016896648831315122 0.0016896648831315122 0.0016896648831315122 0.0016896648831315122 
0.005632216277105041 0.009293156857223317 0.010419600112644326 0.010419600112644326 0.010419600112644326 0.010419600112644326 0.010419600112644326 0.010419600112644326 0.010419600112644326 0.010419600112644326 0.010419600112644326 0.010419600112644326 0.010701210926499578 0.010701210926499578 
0.005068994649394537 0.005068994649394537 0.005068994649394537 0.005068994649394537 0.005068994649394537 0.005068994649394537 0.005068994649394537 0.005068994649394537 0.005068994649394537 0.005068994649394537 0.005068994649394537 0.005068994649394537 0.005068994649394537 0.005068994649394537 
0.0036609405801182764 0.0036609405801182764 0.0036609405801182764 0.0036609405801182764 0.0036609405801182764 0.0036609405801182764 0.0036609405801182764 0.0036609405801182764 0.0036609405801182764 0.0036609405801182764 0.0036609405801182764 0.0036609405801182764 0.0036609405801182764 0.0036609405801182764 
0.00844832441565756 0.009856378484933821 0.009856378484933821 0.010137989298789073 0.010137989298789073 0.010137989298789073 0.010137989298789073 0.010137989298789073 0.010137989298789073 0.010137989298789073 0.010137989298789073 0.010137989298789073 0.010137989298789073 0.010137989298789073 
0.0036609405801182764 0.005350605463249789 0.005350605463249789 0.005350605463249789 0.005350605463249789 0.005350605463249789 0.005350605463249789 0.005350605463249789 0.005350605463249789 0.005350605463249789 0.005350605463249789 0.005350605463249789 0.005350605463249789 0.005350605463249789 
0.00422416220782878 0.00422416220782878 0.00422416220782878 0.00422416220782878 0.00422416220782878 0.00422416220782878 0.00422416220782878 0.00422416220782878 0.00422416220782878 0.00422416220782878 0.00422416220782878 0.00422416220782878 0.00422416220782878 0.00422416220782878 
0.000281610813855252 0.0019712756969867645 0.0019712756969867645 0.0019712756969867645 0.0019712756969867645 0.0019712756969867645 0.0019712756969867645 0.0019712756969867645 0.0019712756969867645 0.0019712756969867645 0.0019712756969867645 0.0019712756969867645 0.0019712756969867645 0.0019712756969867645 
0.005068994649394537 0.005068994649394537 0.005068994649394537 0.005068994649394537 0.005068994649394537 0.005068994649394537 0.005068994649394537 0.005068994649394537 0.005068994649394537 0.005068994649394537 0.005068994649394537 0.005068994649394537 0.005068994649394537 0.005068994649394537 
0.005632216277105041 0.009011546043368065 0.009011546043368065 0.009011546043368065 0.009011546043368065 0.009011546043368065 0.009011546043368065 0.009011546043368065 0.009011546043368065 0.009011546043368065 0.009011546043368065 0.009011546043368065 0.009011546043368065 0.009011546043368065 
0.0 0.0 0.0 0.0 0.0 0.0 0.0 0.0 0.0 0.0 0.0 0.0 0.0 0.0 
0.00422416220782878 0.004505773021684032 0.004505773021684032 0.004505773021684032 0.004505773021684032 0.004505773021684032 0.004505773021684032 0.004505773021684032 0.004505773021684032 0.004505773021684032 0.004505773021684032 0.004505773021684032 0.004505773021684032 0.004505773021684032 
0.013517319065052097 0.02083920022528865 0.02196564348070966 0.022528865108420164 0.022528865108420164 0.022528865108420164 0.022528865108420164 0.022528865108420164 0.022528865108420164 0.022528865108420164 0.022528865108420164 0.022528865108420164 0.022528865108420164 0.022810475922275416 
0.000281610813855252 0.0019712756969867645 0.0019712756969867645 0.0019712756969867645 0.0019712756969867645 0.0019712756969867645 0.0019712756969867645 0.0019712756969867645 0.0019712756969867645 0.0019712756969867645 0.0019712756969867645 0.0019712756969867645 0.0019712756969867645 0.0019712756969867645 
0.014643762320473106 0.023092086736130668 0.02337369754998592 0.02337369754998592 0.023655308363841172 0.023655308363841172 0.024218529991551677 0.024218529991551677 0.024218529991551677 0.024218529991551677 0.024218529991551677 0.02450014080540693 0.02450014080540693 0.02450014080540693 
0.010419600112644326 0.015770205575894116 0.015770205575894116 0.017459870459025625 0.017741481272880878 0.017741481272880878 0.018304702900591382 0.018304702900591382 0.018304702900591382 0.018304702900591382 0.018304702900591382 0.018304702900591382 0.018304702900591382 0.018304702900591382 
0.0047873838355392846 0.007603491974091805 0.007603491974091805 0.007603491974091805 0.007603491974091805 0.007885102787947058 0.007885102787947058 0.007885102787947058 0.008166713601802308 0.008166713601802308 0.008166713601802308 0.008166713601802308 0.008166713601802308 0.008166713601802308 
0.0014080540692762602 0.0014080540692762602 0.0014080540692762602 0.0014080540692762602 0.0014080540692762602 0.0014080540692762602 0.0014080540692762602 0.0014080540692762602 0.0014080540692762602 0.0016896648831315122 0.0047873838355392846 0.0047873838355392846 0.0047873838355392846 0.0047873838355392846 
0.014643762320473106 0.020275978597578147 0.020275978597578147 0.020275978597578147 0.020275978597578147 0.020275978597578147 0.020275978597578147 0.020275978597578147 0.020275978597578147 0.020275978597578147 0.021120811039143903 0.021684032666854407 0.021684032666854407 0.02196564348070966 
0.006195437904815545 0.007321881160236553 0.007321881160236553 0.007321881160236553 0.007321881160236553 0.007321881160236553 0.007321881160236553 0.007321881160236553 0.007321881160236553 0.007321881160236553 0.007321881160236553 0.007321881160236553 0.007321881160236553 0.007321881160236553 
0.0047873838355392846 0.005068994649394537 0.005068994649394537 0.005068994649394537 0.005068994649394537 0.005068994649394537 0.005068994649394537 0.005068994649394537 0.005068994649394537 0.005068994649394537 0.005068994649394537 0.005068994649394537 0.005068994649394537 0.005068994649394537 
0.005068994649394537 0.005068994649394537 0.005068994649394537 0.005068994649394537 0.005068994649394537 0.005068994649394537 0.005068994649394537 0.005068994649394537 0.005068994649394537 0.005068994649394537 0.005068994649394537 0.005068994649394537 0.005068994649394537 0.005068994649394537 
0.0047873838355392846 0.005068994649394537 0.005068994649394537 0.005068994649394537 0.005068994649394537 0.005068994649394537 0.005068994649394537 0.005068994649394537 0.005068994649394537 0.005068994649394537 0.005068994649394537 0.005068994649394537 0.005068994649394537 0.005068994649394537 
0.0036609405801182764 0.0036609405801182764 0.0036609405801182764 0.0036609405801182764 0.0036609405801182764 0.0036609405801182764 0.0036609405801182764 0.0036609405801182764 0.0036609405801182764 0.0036609405801182764 0.0036609405801182764 0.0036609405801182764 0.0036609405801182764 0.0036609405801182764 
0.006195437904815545 0.009011546043368065 0.009011546043368065 0.009011546043368065 0.009011546043368065 0.009011546043368065 0.009011546043368065 0.009011546043368065 0.009011546043368065 0.009011546043368065 0.009011546043368065 0.009011546043368065 0.009011546043368065 0.009011546043368065 
0.009574767671078569 0.011827654181920586 0.011827654181920586 0.011827654181920586 0.011827654181920586 0.011827654181920586 0.011827654181920586 0.011827654181920586 0.011827654181920586 0.011827654181920586 0.011827654181920586 0.011827654181920586 0.011827654181920586 0.011827654181920586 
0.0036609405801182764 0.005632216277105041 0.005632216277105041 0.005632216277105041 0.005632216277105041 0.005632216277105041 0.005632216277105041 0.005632216277105041 0.005632216277105041 0.005632216277105041 0.005632216277105041 0.005632216277105041 0.005632216277105041 0.005632216277105041 
0.00422416220782878 0.004505773021684032 0.004505773021684032 0.004505773021684032 0.004505773021684032 0.004505773021684032 0.004505773021684032 0.004505773021684032 0.004505773021684032 0.004505773021684032 0.004505773021684032 0.004505773021684032 0.004505773021684032 0.004505773021684032 
0.0036609405801182764 0.0036609405801182764 0.0036609405801182764 0.0036609405801182764 0.0036609405801182764 0.0036609405801182764 0.0036609405801182764 0.0036609405801182764 0.0036609405801182764 0.0036609405801182764 0.0036609405801182764 0.0036609405801182764 0.0036609405801182764 0.0036609405801182764 
0.0030977189524077726 0.0033793297662630243 0.0033793297662630243 0.0033793297662630243 0.0033793297662630243 0.0033793297662630243 0.0033793297662630243 0.0033793297662630243 0.0033793297662630243 0.0033793297662630243 0.0033793297662630243 0.0033793297662630243 0.0033793297662630243 0.0033793297662630243 
0.005068994649394537 0.00844832441565756 0.008729935229512813 0.008729935229512813 0.008729935229512813 0.008729935229512813 0.008729935229512813 0.008729935229512813 0.008729935229512813 0.008729935229512813 0.008729935229512813 0.008729935229512813 0.008729935229512813 0.008729935229512813 
0.005632216277105041 0.007321881160236553 0.007321881160236553 0.007321881160236553 0.007321881160236553 0.007321881160236553 0.007321881160236553 0.007321881160236553 0.007321881160236553 0.007321881160236553 0.007321881160236553 0.007321881160236553 0.007321881160236553 0.007321881160236553 
0.014925373134328358 0.01943114615601239 0.01943114615601239 0.01943114615601239 0.01943114615601239 0.01943114615601239 0.01943114615601239 0.01943114615601239 0.01943114615601239 0.01943114615601239 0.01943114615601239 0.01943114615601239 0.01943114615601239 0.01943114615601239 
0.0033793297662630243 0.0033793297662630243 0.0033793297662630243 0.0033793297662630243 0.0033793297662630243 0.0033793297662630243 0.0033793297662630243 0.0033793297662630243 0.0033793297662630243 0.0033793297662630243 0.0033793297662630243 0.0033793297662630243 0.0033793297662630243 0.0033793297662630243 
0.0047873838355392846 0.007885102787947058 0.007885102787947058 0.007885102787947058 0.007885102787947058 0.007885102787947058 0.007885102787947058 0.007885102787947058 0.007885102787947058 0.007885102787947058 0.007885102787947058 0.007885102787947058 0.007885102787947058 0.007885102787947058 
0.005632216277105041 0.005632216277105041 0.005632216277105041 0.005632216277105041 0.005632216277105041 0.005632216277105041 0.005632216277105041 0.005632216277105041 0.005632216277105041 0.005632216277105041 0.005632216277105041 0.005632216277105041 0.005632216277105041 0.005632216277105041 
0.005632216277105041 0.005632216277105041 0.005632216277105041 0.005632216277105041 0.005632216277105041 0.005632216277105041 0.005632216277105041 0.005632216277105041 0.005632216277105041 0.005632216277105041 0.005632216277105041 0.005632216277105041 0.005632216277105041 0.005632216277105041 
0.014643762320473106 0.02450014080540693 0.028442692199380455 0.028724303013235707 0.028724303013235707 0.028724303013235707 0.028724303013235707 0.028724303013235707 0.028724303013235707 0.028724303013235707 0.028724303013235707 0.028724303013235707 0.028724303013235707 0.028724303013235707 
0.00422416220782878 0.004505773021684032 0.004505773021684032 0.004505773021684032 0.004505773021684032 0.004505773021684032 0.004505773021684032 0.004505773021684032 0.004505773021684032 0.004505773021684032 0.004505773021684032 0.004505773021684032 0.004505773021684032 0.004505773021684032 
0.0 0.0 0.0 0.0 0.0 0.0 0.0 0.0 0.0 0.0 0.0 0.0 0.0 0.0 
0.005632216277105041 0.007885102787947058 0.007885102787947058 0.007885102787947058 0.007885102787947058 0.007885102787947058 0.007885102787947058 0.007885102787947058 0.007885102787947058 0.007885102787947058 0.007885102787947058 0.007885102787947058 0.007885102787947058 0.007885102787947058 
0.005632216277105041 0.007885102787947058 0.007885102787947058 0.007885102787947058 0.007885102787947058 0.007885102787947058 0.007885102787947058 0.007885102787947058 0.007885102787947058 0.007885102787947058 0.007885102787947058 0.007885102787947058 0.007885102787947058 0.007885102787947058 
0.00422416220782878 0.007040270346381301 0.007040270346381301 0.007040270346381301 0.007040270346381301 0.007040270346381301 0.007040270346381301 0.007040270346381301 0.007040270346381301 0.007040270346381301 0.007040270346381301 0.007040270346381301 0.007040270346381301 0.007040270346381301 
0.005632216277105041 0.007885102787947058 0.008166713601802308 0.008166713601802308 0.008166713601802308 0.008166713601802308 0.008166713601802308 0.008166713601802308 0.008166713601802308 0.008166713601802308 0.00844832441565756 0.009011546043368065 0.010419600112644326 0.010701210926499578 
0.005632216277105041 0.007885102787947058 0.007885102787947058 0.007885102787947058 0.007885102787947058 0.008729935229512813 0.008729935229512813 0.008729935229512813 0.009011546043368065 0.009011546043368065 0.009011546043368065 0.010137989298789073 0.010137989298789073 0.010137989298789073 
0.0019712756969867645 0.0019712756969867645 0.0019712756969867645 0.0019712756969867645 0.0019712756969867645 0.0019712756969867645 0.0019712756969867645 0.0019712756969867645 0.0019712756969867645 0.0019712756969867645 0.0019712756969867645 0.0019712756969867645 0.0019712756969867645 0.0019712756969867645 
0.005632216277105041 0.009574767671078569 0.010701210926499578 0.01098282174035483 0.012672486623486343 0.012954097437341595 0.012954097437341595 0.013235708251196845 0.013517319065052097 0.013517319065052097 0.013517319065052097 0.014080540692762602 0.014080540692762602 0.014080540692762602 
0.0047873838355392846 0.014925373134328358 0.016051816389749365 0.016051816389749365 0.019712756969867642 0.019712756969867642 0.021402421852999155 0.021684032666854407 0.02196564348070966 0.02196564348070966 0.02196564348070966 0.02196564348070966 0.02196564348070966 0.02196564348070966 
0.00422416220782878 0.00422416220782878 0.00422416220782878 0.00422416220782878 0.00422416220782878 0.00422416220782878 0.004505773021684032 0.004505773021684032 0.004505773021684032 0.004505773021684032 0.004505773021684032 0.004505773021684032 0.004505773021684032 0.004505773021684032 
0.00422416220782878 0.004505773021684032 0.004505773021684032 0.004505773021684032 0.004505773021684032 0.004505773021684032 0.004505773021684032 0.004505773021684032 0.004505773021684032 0.004505773021684032 0.004505773021684032 0.004505773021684032 0.004505773021684032 0.004505773021684032 
0.005632216277105041 0.007321881160236553 0.007321881160236553 0.007321881160236553 0.007321881160236553 0.007321881160236553 0.007321881160236553 0.007321881160236553 0.007321881160236553 0.007321881160236553 0.007321881160236553 0.007321881160236553 0.007321881160236553 0.007321881160236553 
0.0036609405801182764 0.0036609405801182764 0.0036609405801182764 0.0036609405801182764 0.0036609405801182764 0.0036609405801182764 0.0036609405801182764 0.0036609405801182764 0.0036609405801182764 0.0036609405801182764 0.0036609405801182764 0.0036609405801182764 0.0036609405801182764 0.0036609405801182764 
0.005068994649394537 0.005068994649394537 0.005068994649394537 0.005068994649394537 0.005068994649394537 0.005068994649394537 0.005068994649394537 0.005068994649394537 0.005068994649394537 0.005068994649394537 0.005068994649394537 0.005068994649394537 0.005068994649394537 0.005068994649394537 
0.004505773021684032 0.005068994649394537 0.005068994649394537 0.005068994649394537 0.005068994649394537 0.005068994649394537 0.005068994649394537 0.005068994649394537 0.005068994649394537 0.005068994649394537 0.005350605463249789 0.005350605463249789 0.005350605463249789 0.005350605463249789 
0.014643762320473106 0.02450014080540693 0.027316248943959447 0.028442692199380455 0.02928752464094621 0.02928752464094621 0.02928752464094621 0.02928752464094621 0.02928752464094621 0.02928752464094621 0.02928752464094621 0.02928752464094621 0.02928752464094621 0.02928752464094621 
0.005632216277105041 0.007885102787947058 0.007885102787947058 0.008166713601802308 0.008166713601802308 0.008166713601802308 0.008166713601802308 0.008166713601802308 0.008166713601802308 0.008729935229512813 0.008729935229512813 0.009011546043368065 0.009574767671078569 0.010137989298789073 
0.0036609405801182764 0.0036609405801182764 0.0036609405801182764 0.0036609405801182764 0.0036609405801182764 0.0036609405801182764 0.0036609405801182764 0.0036609405801182764 0.0036609405801182764 0.0036609405801182764 0.0036609405801182764 0.0036609405801182764 0.0036609405801182764 0.0036609405801182764 
0.00844832441565756 0.009856378484933821 0.009856378484933821 0.010137989298789073 0.010137989298789073 0.010137989298789073 0.010137989298789073 0.010137989298789073 0.010137989298789073 0.010137989298789073 0.010419600112644326 0.010419600112644326 0.010419600112644326 0.010419600112644326 
0.005632216277105041 0.007885102787947058 0.007885102787947058 0.007885102787947058 0.008166713601802308 0.008166713601802308 0.008166713601802308 0.008166713601802308 0.00844832441565756 0.008729935229512813 0.009011546043368065 0.009011546043368065 0.009011546043368065 0.009574767671078569 
0.00422416220782878 0.005913827090960293 0.005913827090960293 0.005913827090960293 0.006195437904815545 0.006195437904815545 0.007040270346381301 0.007040270346381301 0.007040270346381301 0.007321881160236553 0.007603491974091805 0.007885102787947058 0.007885102787947058 0.007885102787947058 
0.005350605463249789 0.005350605463249789 0.005632216277105041 0.005632216277105041 0.005632216277105041 0.005632216277105041 0.005632216277105041 0.005632216277105041 0.005632216277105041 0.005632216277105041 0.005632216277105041 0.005632216277105041 0.005632216277105041 0.005632216277105041 
0.005632216277105041 0.005632216277105041 0.006477048718670797 0.006477048718670797 0.006477048718670797 0.006477048718670797 0.008729935229512813 0.009011546043368065 0.009011546043368065 0.009574767671078569 0.010137989298789073 0.010419600112644326 0.010419600112644326 0.010419600112644326 
0.0 0.0 0.0 0.0 0.0 0.000281610813855252 0.000281610813855252 0.000281610813855252 0.000281610813855252 0.000281610813855252 0.000281610813855252 0.000281610813855252 0.000281610813855252 0.000281610813855252 
0.006758659532526049 0.015488594762038862 0.01661503801745987 0.017741481272880878 0.018304702900591382 0.019149535342157138 0.02083920022528865 0.02083920022528865 0.021120811039143903 0.021120811039143903 0.021120811039143903 0.021402421852999155 0.02196564348070966 0.02196564348070966 
0.00422416220782878 0.007040270346381301 0.007040270346381301 0.007040270346381301 0.007321881160236553 0.007321881160236553 0.007321881160236553 0.007321881160236553 0.007321881160236553 0.007321881160236553 0.007321881160236553 0.007321881160236553 0.007321881160236553 0.007321881160236553 
0.004505773021684032 0.007321881160236553 0.007321881160236553 0.007321881160236553 0.007603491974091805 0.007603491974091805 0.007603491974091805 0.007603491974091805 0.007603491974091805 0.007603491974091805 0.007603491974091805 0.007603491974091805 0.007603491974091805 0.007603491974091805 
0.0033793297662630243 0.0033793297662630243 0.0033793297662630243 0.0033793297662630243 0.0036609405801182764 0.0036609405801182764 0.0036609405801182764 0.0036609405801182764 0.0036609405801182764 0.003942551393973529 0.005068994649394537 0.005068994649394537 0.005068994649394537 0.005068994649394537 
0.005632216277105041 0.007885102787947058 0.009574767671078569 0.009574767671078569 0.009574767671078569 0.009574767671078569 0.009574767671078569 0.009574767671078569 0.009574767671078569 0.009574767671078569 0.009574767671078569 0.009574767671078569 0.009574767671078569 0.009574767671078569 
0.005068994649394537 0.005068994649394537 0.005350605463249789 0.005350605463249789 0.005632216277105041 0.005632216277105041 0.005632216277105041 0.005632216277105041 0.005632216277105041 0.005632216277105041 0.005632216277105041 0.005632216277105041 0.005632216277105041 0.005632216277105041 
0.006758659532526049 0.015770205575894116 0.015770205575894116 0.015770205575894116 0.015770205575894116 0.016333427203604617 0.016333427203604617 0.017741481272880878 0.018304702900591382 0.018304702900591382 0.018304702900591382 0.018304702900591382 0.019149535342157138 0.019149535342157138 
0.005068994649394537 0.005350605463249789 0.005350605463249789 0.005632216277105041 0.005632216277105041 0.005632216277105041 0.005632216277105041 0.005632216277105041 0.005632216277105041 0.005632216277105041 0.005632216277105041 0.005632216277105041 0.005632216277105041 0.005632216277105041 
0.005350605463249789 0.007603491974091805 0.01098282174035483 0.01098282174035483 0.01098282174035483 0.01098282174035483 0.01098282174035483 0.01098282174035483 0.01098282174035483 0.01098282174035483 0.01098282174035483 0.01098282174035483 0.01098282174035483 0.011264432554210082 
0.005632216277105041 0.005913827090960293 0.005913827090960293 0.005913827090960293 0.005913827090960293 0.005913827090960293 0.005913827090960293 0.005913827090960293 0.005913827090960293 0.005913827090960293 0.006195437904815545 0.006195437904815545 0.006195437904815545 0.006195437904815545 
0.004505773021684032 0.007603491974091805 0.007603491974091805 0.007603491974091805 0.007885102787947058 0.008166713601802308 0.008166713601802308 0.00844832441565756 0.00844832441565756 0.008729935229512813 0.008729935229512813 0.008729935229512813 0.008729935229512813 0.008729935229512813 
0.014925373134328358 0.0275978597578147 0.028161081385525203 0.02928752464094621 0.03210363277949873 0.03379329766263024 0.03435651929034075 0.034638130104196 0.035201351731906506 0.03576457335961701 0.03576457335961701 0.03576457335961701 0.036609405801182764 0.03717262742889327 
0.005632216277105041 0.009293156857223317 0.012109264995775838 0.013235708251196845 0.013517319065052097 0.01379892987890735 0.01379892987890735 0.014080540692762602 0.014080540692762602 0.014080540692762602 0.014080540692762602 0.014925373134328358 0.01520698394818361 0.01520698394818361 
0.010419600112644326 0.010701210926499578 0.015488594762038862 0.016051816389749365 0.016051816389749365 0.01689664883131512 0.017459870459025625 0.017741481272880878 0.017741481272880878 0.018586313714446634 0.018586313714446634 0.018586313714446634 0.018586313714446634 0.018586313714446634 
0.004505773021684032 0.007885102787947058 0.007885102787947058 0.007885102787947058 0.009293156857223317 0.009293156857223317 0.009293156857223317 0.009293156857223317 0.009293156857223317 0.009574767671078569 0.009856378484933821 0.009856378484933821 0.009856378484933821 0.009856378484933821 
0.00844832441565756 0.014925373134328358 0.015488594762038862 0.015770205575894116 0.017741481272880878 0.017741481272880878 0.017741481272880878 0.017741481272880878 0.018586313714446634 0.018586313714446634 0.018586313714446634 0.018867924528301886 0.019149535342157138 0.019149535342157138 
0.00422416220782878 0.005913827090960293 0.005913827090960293 0.006195437904815545 0.006195437904815545 0.006477048718670797 0.006758659532526049 0.006758659532526049 0.006758659532526049 0.007040270346381301 0.007040270346381301 0.007040270346381301 0.007040270346381301 0.007040270346381301 
0.0047873838355392846 0.011827654181920586 0.011827654181920586 0.012109264995775838 0.012109264995775838 0.013517319065052097 0.017459870459025625 0.018586313714446634 0.018586313714446634 0.0205575894114334 0.02224725429456491 0.02224725429456491 0.02224725429456491 0.02224725429456491 
0.013517319065052097 0.021402421852999155 0.02196564348070966 0.022528865108420164 0.022528865108420164 0.023092086736130668 0.023092086736130668 0.023655308363841172 0.028161081385525203 0.028161081385525203 0.028724303013235707 0.02928752464094621 0.029569135454801464 0.030132357082511968 
0.00422416220782878 0.007321881160236553 0.007321881160236553 0.007321881160236553 0.007321881160236553 0.007321881160236553 0.007321881160236553 0.007321881160236553 0.007321881160236553 0.007321881160236553 0.007321881160236553 0.007321881160236553 0.007321881160236553 0.007321881160236553 
0.014643762320473106 0.023092086736130668 0.025063362433117433 0.02618980568853844 0.02618980568853844 0.02618980568853844 0.02618980568853844 0.02618980568853844 0.02618980568853844 0.02618980568853844 0.02618980568853844 0.02618980568853844 0.02618980568853844 0.02647141650239369 
0.005068994649394537 0.005350605463249789 0.005350605463249789 0.005350605463249789 0.005350605463249789 0.005350605463249789 0.005350605463249789 0.005350605463249789 0.005350605463249789 0.005350605463249789 0.005350605463249789 0.005350605463249789 0.005350605463249789 0.005350605463249789 
0.005068994649394537 0.005068994649394537 0.005068994649394537 0.005068994649394537 0.005068994649394537 0.005068994649394537 0.005068994649394537 0.005068994649394537 0.005068994649394537 0.005068994649394537 0.005068994649394537 0.005068994649394537 0.005068994649394537 0.005068994649394537 
0.013517319065052097 0.019994367783722895 0.021120811039143903 0.023655308363841172 0.023655308363841172 0.027034638130104195 0.028724303013235707 0.02900591382709096 0.029569135454801464 0.030977189524077724 0.030977189524077724 0.030977189524077724 0.030977189524077724 0.031258800337932977 
0.005632216277105041 0.005913827090960293 0.005913827090960293 0.005913827090960293 0.005913827090960293 0.005913827090960293 0.005913827090960293 0.006758659532526049 0.007040270346381301 0.007040270346381301 0.007040270346381301 0.007040270346381301 0.007603491974091805 0.007603491974091805 
0.014643762320473106 0.024218529991551677 0.02787947057166995 0.02787947057166995 0.02928752464094621 0.02928752464094621 0.02928752464094621 0.02928752464094621 0.030695578710222472 0.031258800337932977 0.031258800337932977 0.031258800337932977 0.031258800337932977 0.031258800337932977 
0.005068994649394537 0.005350605463249789 0.005350605463249789 0.005350605463249789 0.005350605463249789 0.005350605463249789 0.005350605463249789 0.005350605463249789 0.005350605463249789 0.005350605463249789 0.005350605463249789 0.005350605463249789 0.005350605463249789 0.005350605463249789 
0.005632216277105041 0.009011546043368065 0.009011546043368065 0.009011546043368065 0.009011546043368065 0.009011546043368065 0.009011546043368065 0.009011546043368065 0.009011546043368065 0.009011546043368065 0.009011546043368065 0.009011546043368065 0.009011546043368065 0.009011546043368065 
0.00422416220782878 0.004505773021684032 0.004505773021684032 0.004505773021684032 0.004505773021684032 0.004505773021684032 0.004505773021684032 0.004505773021684032 0.004505773021684032 0.004505773021684032 0.004505773021684032 0.004505773021684032 0.0047873838355392846 0.005350605463249789 
0.005632216277105041 0.005632216277105041 0.005632216277105041 0.005632216277105041 0.005632216277105041 0.005632216277105041 0.005632216277105041 0.005632216277105041 0.005632216277105041 0.005632216277105041 0.006195437904815545 0.006477048718670797 0.006477048718670797 0.006477048718670797 
0.005632216277105041 0.005632216277105041 0.005632216277105041 0.005913827090960293 0.006477048718670797 0.006477048718670797 0.006477048718670797 0.006477048718670797 0.006477048718670797 0.006477048718670797 0.006477048718670797 0.006477048718670797 0.006758659532526049 0.006758659532526049 
0.005632216277105041 0.007885102787947058 0.007885102787947058 0.007885102787947058 0.007885102787947058 0.007885102787947058 0.007885102787947058 0.008166713601802308 0.00844832441565756 0.00844832441565756 0.00844832441565756 0.00844832441565756 0.00844832441565756 0.00844832441565756 
0.005350605463249789 0.005350605463249789 0.005350605463249789 0.005350605463249789 0.005350605463249789 0.005350605463249789 0.005350605463249789 0.005350605463249789 0.005350605463249789 0.005350605463249789 0.005350605463249789 0.005350605463249789 0.005350605463249789 0.005350605463249789 
0.005632216277105041 0.007321881160236553 0.007321881160236553 0.007321881160236553 0.007603491974091805 0.007603491974091805 0.007603491974091805 0.007603491974091805 0.007885102787947058 0.007885102787947058 0.007885102787947058 0.007885102787947058 0.007885102787947058 0.007885102787947058 
0.0036609405801182764 0.0036609405801182764 0.0036609405801182764 0.0036609405801182764 0.0036609405801182764 0.0036609405801182764 0.0036609405801182764 0.0036609405801182764 0.0036609405801182764 0.0036609405801182764 0.0036609405801182764 0.0036609405801182764 0.0036609405801182764 0.0036609405801182764 
0.004505773021684032 0.004505773021684032 0.004505773021684032 0.004505773021684032 0.004505773021684032 0.004505773021684032 0.004505773021684032 0.004505773021684032 0.004505773021684032 0.004505773021684032 0.004505773021684032 0.004505773021684032 0.004505773021684032 0.004505773021684032 
0.004505773021684032 0.004505773021684032 0.004505773021684032 0.004505773021684032 0.004505773021684032 0.005350605463249789 0.005350605463249789 0.005350605463249789 0.006477048718670797 0.007321881160236553 0.007603491974091805 0.007603491974091805 0.007885102787947058 0.008166713601802308 
0.0047873838355392846 0.0047873838355392846 0.006195437904815545 0.006477048718670797 0.006758659532526049 0.007321881160236553 0.007321881160236553 0.007321881160236553 0.007321881160236553 0.007321881160236553 0.007321881160236553 0.007321881160236553 0.007321881160236553 0.007321881160236553 
0.002252886510842016 0.0028161081385525205 0.0028161081385525205 0.0028161081385525205 0.0036609405801182764 0.0036609405801182764 0.003942551393973529 0.00422416220782878 0.004505773021684032 0.004505773021684032 0.004505773021684032 0.005913827090960293 0.006195437904815545 0.00844832441565756 
0.014643762320473106 0.024218529991551677 0.02647141650239369 0.027034638130104195 0.027034638130104195 0.027034638130104195 0.027316248943959447 0.027316248943959447 0.027316248943959447 0.027316248943959447 0.027316248943959447 0.027316248943959447 0.027316248943959447 0.027316248943959447 
0.005632216277105041 0.009011546043368065 0.009011546043368065 0.009011546043368065 0.009011546043368065 0.009011546043368065 0.009011546043368065 0.009011546043368065 0.009011546043368065 0.009011546043368065 0.009011546043368065 0.009011546043368065 0.009011546043368065 0.009011546043368065 
0.005632216277105041 0.012672486623486343 0.013235708251196845 0.015770205575894116 0.016051816389749365 0.016051816389749365 0.01661503801745987 0.017459870459025625 0.01802309208673613 0.01802309208673613 0.01802309208673613 0.01802309208673613 0.01802309208673613 0.01802309208673613 
0.002252886510842016 0.007885102787947058 0.009011546043368065 0.009011546043368065 0.010137989298789073 0.010137989298789073 0.010419600112644326 0.010419600112644326 0.010419600112644326 0.010419600112644326 0.010419600112644326 0.010419600112644326 0.010419600112644326 0.010419600112644326 
0.0016896648831315122 0.0019712756969867645 0.0019712756969867645 0.002252886510842016 0.002252886510842016 0.002252886510842016 0.002252886510842016 0.0025344973246972683 0.0025344973246972683 0.0025344973246972683 0.0025344973246972683 0.0025344973246972683 0.0025344973246972683 0.0025344973246972683 
0.004505773021684032 0.004505773021684032 0.004505773021684032 0.0047873838355392846 0.0047873838355392846 0.0047873838355392846 0.005068994649394537 0.005350605463249789 0.005350605463249789 0.005350605463249789 0.006477048718670797 0.006758659532526049 0.006758659532526049 0.00844832441565756 
0.0036609405801182764 0.007040270346381301 0.007040270346381301 0.007321881160236553 0.007603491974091805 0.007603491974091805 0.007603491974091805 0.007603491974091805 0.007603491974091805 0.007603491974091805 0.007603491974091805 0.007603491974091805 0.007603491974091805 0.007603491974091805 
0.0047873838355392846 0.012109264995775838 0.013235708251196845 0.013517319065052097 0.01379892987890735 0.016333427203604617 0.016333427203604617 0.017178259645170373 0.01802309208673613 0.01802309208673613 0.019149535342157138 0.019712756969867642 0.019712756969867642 0.019712756969867642 
0.005632216277105041 0.009293156857223317 0.009574767671078569 0.009574767671078569 0.009856378484933821 0.010419600112644326 0.010419600112644326 0.011546043368065334 0.015770205575894116 0.015770205575894116 0.01802309208673613 0.018304702900591382 0.019149535342157138 0.019149535342157138 
0.005632216277105041 0.007321881160236553 0.007321881160236553 0.009574767671078569 0.010701210926499578 0.01098282174035483 0.011264432554210082 0.011546043368065334 0.013235708251196845 0.013235708251196845 0.013235708251196845 0.013235708251196845 0.013235708251196845 0.013235708251196845 
0.004505773021684032 0.0047873838355392846 0.0047873838355392846 0.0047873838355392846 0.005913827090960293 0.005913827090960293 0.005913827090960293 0.005913827090960293 0.005913827090960293 0.005913827090960293 0.005913827090960293 0.005913827090960293 0.005913827090960293 0.005913827090960293 
0.005068994649394537 0.005068994649394537 0.005068994649394537 0.005068994649394537 0.005068994649394537 0.005068994649394537 0.005068994649394537 0.005068994649394537 0.005068994649394537 0.005068994649394537 0.005068994649394537 0.005068994649394537 0.005068994649394537 0.005068994649394537 
0.0036609405801182764 0.005350605463249789 0.005350605463249789 0.005350605463249789 0.005350605463249789 0.005350605463249789 0.005350605463249789 0.005350605463249789 0.005350605463249789 0.005350605463249789 0.005350605463249789 0.005350605463249789 0.005350605463249789 0.005350605463249789 
0.005068994649394537 0.005068994649394537 0.005350605463249789 0.005350605463249789 0.005350605463249789 0.005350605463249789 0.005350605463249789 0.005350605463249789 0.005350605463249789 0.005350605463249789 0.005350605463249789 0.005350605463249789 0.005350605463249789 0.005350605463249789 
0.005632216277105041 0.005632216277105041 0.005632216277105041 0.005632216277105041 0.005632216277105041 0.005632216277105041 0.005632216277105041 0.005632216277105041 0.005632216277105041 0.005632216277105041 0.005632216277105041 0.005632216277105041 0.005632216277105041 0.005632216277105041 
0.0008448324415657561 0.0033793297662630243 0.0033793297662630243 0.0036609405801182764 0.0036609405801182764 0.0036609405801182764 0.0036609405801182764 0.0036609405801182764 0.003942551393973529 0.004505773021684032 0.004505773021684032 0.004505773021684032 0.004505773021684032 0.004505773021684032 
0.005068994649394537 0.005068994649394537 0.005350605463249789 0.005632216277105041 0.005632216277105041 0.005632216277105041 0.005632216277105041 0.005632216277105041 0.005632216277105041 0.005632216277105041 0.006195437904815545 0.006195437904815545 0.006195437904815545 0.006195437904815545 
0.0016896648831315122 0.0016896648831315122 0.0016896648831315122 0.0016896648831315122 0.0016896648831315122 0.0016896648831315122 0.0016896648831315122 0.0016896648831315122 0.0016896648831315122 0.0016896648831315122 0.0016896648831315122 0.0016896648831315122 0.0016896648831315122 0.0016896648831315122 
0.0033793297662630243 0.00422416220782878 0.00422416220782878 0.00422416220782878 0.00422416220782878 0.00422416220782878 0.00422416220782878 0.005068994649394537 0.005068994649394537 0.005350605463249789 0.005350605463249789 0.005350605463249789 0.005350605463249789 0.006477048718670797 
0.005632216277105041 0.007885102787947058 0.008166713601802308 0.008166713601802308 0.009011546043368065 0.009011546043368065 0.010419600112644326 0.010419600112644326 0.010701210926499578 0.010701210926499578 0.011264432554210082 0.011264432554210082 0.011264432554210082 0.011264432554210082 
0.0047873838355392846 0.007885102787947058 0.009011546043368065 0.009011546043368065 0.009856378484933821 0.009856378484933821 0.009856378484933821 0.009856378484933821 0.010419600112644326 0.010419600112644326 0.01098282174035483 0.011264432554210082 0.01239087580963109 0.01239087580963109 
0.0036609405801182764 0.0036609405801182764 0.0036609405801182764 0.0036609405801182764 0.0036609405801182764 0.0036609405801182764 0.0036609405801182764 0.0036609405801182764 0.0036609405801182764 0.0036609405801182764 0.0036609405801182764 0.0036609405801182764 0.0036609405801182764 0.0036609405801182764 
0.004505773021684032 0.007603491974091805 0.007885102787947058 0.007885102787947058 0.007885102787947058 0.007885102787947058 0.007885102787947058 0.007885102787947058 0.007885102787947058 0.007885102787947058 0.007885102787947058 0.007885102787947058 0.007885102787947058 0.007885102787947058 
0.014643762320473106 0.024218529991551677 0.02647141650239369 0.027034638130104195 0.027034638130104195 0.027034638130104195 0.027034638130104195 0.027316248943959447 0.027316248943959447 0.027316248943959447 0.027316248943959447 0.027316248943959447 0.027316248943959447 0.0275978597578147 
0.005068994649394537 0.005350605463249789 0.005350605463249789 0.005350605463249789 0.005350605463249789 0.005350605463249789 0.005350605463249789 0.005350605463249789 0.005350605463249789 0.005350605463249789 0.005350605463249789 0.005350605463249789 0.005350605463249789 0.005350605463249789 
0.0036609405801182764 0.006477048718670797 0.006477048718670797 0.006758659532526049 0.007603491974091805 0.008729935229512813 0.008729935229512813 0.009856378484933821 0.009856378484933821 0.009856378484933821 0.009856378484933821 0.009856378484933821 0.009856378484933821 0.009856378484933821 
0.0036609405801182764 0.0036609405801182764 0.0036609405801182764 0.0036609405801182764 0.0036609405801182764 0.0036609405801182764 0.0036609405801182764 0.0036609405801182764 0.0036609405801182764 0.0036609405801182764 0.0036609405801182764 0.0036609405801182764 0.0036609405801182764 0.0036609405801182764 
0.0008448324415657561 0.0008448324415657561 0.0008448324415657561 0.0008448324415657561 0.0008448324415657561 0.0008448324415657561 0.0008448324415657561 0.0008448324415657561 0.0008448324415657561 0.0008448324415657561 0.0008448324415657561 0.0008448324415657561 0.0008448324415657561 0.0008448324415657561 
0.014643762320473106 0.018867924528301886 0.01943114615601239 0.019712756969867642 0.021120811039143903 0.021402421852999155 0.021684032666854407 0.02196564348070966 0.02196564348070966 0.02196564348070966 0.02196564348070966 0.02196564348070966 0.02196564348070966 0.02196564348070966 
0.0008448324415657561 0.0030977189524077726 0.003942551393973529 0.00422416220782878 0.00422416220782878 0.00422416220782878 0.00422416220782878 0.00422416220782878 0.00422416220782878 0.00422416220782878 0.00422416220782878 0.00422416220782878 0.00422416220782878 0.00422416220782878 
0.013517319065052097 0.01520698394818361 0.01520698394818361 0.01520698394818361 0.01520698394818361 0.01520698394818361 0.01520698394818361 0.015488594762038862 0.015488594762038862 0.015488594762038862 0.015488594762038862 0.015488594762038862 0.015488594762038862 0.015488594762038862 
0.004505773021684032 0.006758659532526049 0.007040270346381301 0.007040270346381301 0.007321881160236553 0.007321881160236553 0.007885102787947058 0.007885102787947058 0.008729935229512813 0.009011546043368065 0.009011546043368065 0.009574767671078569 0.009574767671078569 0.009856378484933821 
0.0008448324415657561 0.007040270346381301 0.007321881160236553 0.007603491974091805 0.009011546043368065 0.01098282174035483 0.01098282174035483 0.011827654181920586 0.012109264995775838 0.012109264995775838 0.012109264995775838 0.01239087580963109 0.01239087580963109 0.01239087580963109 
0.013517319065052097 0.021684032666854407 0.02224725429456491 0.02224725429456491 0.02224725429456491 0.02224725429456491 0.023092086736130668 0.023092086736130668 0.023092086736130668 0.023092086736130668 0.023655308363841172 0.023655308363841172 0.023655308363841172 0.023655308363841172 
0.014643762320473106 0.021684032666854407 0.02618980568853844 0.02647141650239369 0.02647141650239369 0.027034638130104195 0.027316248943959447 0.027316248943959447 0.027316248943959447 0.027316248943959447 0.027316248943959447 0.027316248943959447 0.02787947057166995 0.028161081385525203 
0.00422416220782878 0.005632216277105041 0.007603491974091805 0.007603491974091805 0.007603491974091805 0.007885102787947058 0.007885102787947058 0.007885102787947058 0.007885102787947058 0.008166713601802308 0.008166713601802308 0.008166713601802308 0.008166713601802308 0.008166713601802308 
0.0036609405801182764 0.005350605463249789 0.005350605463249789 0.005350605463249789 0.005350605463249789 0.005350605463249789 0.005350605463249789 0.005350605463249789 0.005350605463249789 0.005350605463249789 0.005350605463249789 0.005350605463249789 0.005350605463249789 0.005350605463249789 
0.00422416220782878 0.004505773021684032 0.004505773021684032 0.004505773021684032 0.004505773021684032 0.004505773021684032 0.004505773021684032 0.004505773021684032 0.004505773021684032 0.004505773021684032 0.004505773021684032 0.004505773021684032 0.0047873838355392846 0.0047873838355392846 
0.0036609405801182764 0.0036609405801182764 0.0036609405801182764 0.0036609405801182764 0.0036609405801182764 0.0036609405801182764 0.0036609405801182764 0.0036609405801182764 0.0036609405801182764 0.0036609405801182764 0.0036609405801182764 0.0036609405801182764 0.0036609405801182764 0.0036609405801182764 
0.005632216277105041 0.007885102787947058 0.008166713601802308 0.008166713601802308 0.008166713601802308 0.008166713601802308 0.008166713601802308 0.008166713601802308 0.008166713601802308 0.008166713601802308 0.008166713601802308 0.008166713601802308 0.008166713601802308 0.008166713601802308 
0.003942551393973529 0.007040270346381301 0.008729935229512813 0.008729935229512813 0.008729935229512813 0.008729935229512813 0.008729935229512813 0.008729935229512813 0.009293156857223317 0.009293156857223317 0.010137989298789073 0.010419600112644326 0.010419600112644326 0.010419600112644326 
0.014643762320473106 0.02224725429456491 0.02450014080540693 0.02450014080540693 0.02478175161926218 0.025063362433117433 0.025344973246972685 0.028161081385525203 0.028161081385525203 0.02928752464094621 0.02928752464094621 0.029850746268656716 0.030695578710222472 0.031258800337932977 
0.005632216277105041 0.005632216277105041 0.005632216277105041 0.005632216277105041 0.005632216277105041 0.005632216277105041 0.005632216277105041 0.005632216277105041 0.005632216277105041 0.005632216277105041 0.005632216277105041 0.005632216277105041 0.005632216277105041 0.005632216277105041 
0.009574767671078569 0.016051816389749365 0.01802309208673613 0.01802309208673613 0.01802309208673613 0.01802309208673613 0.01802309208673613 0.02083920022528865 0.021684032666854407 0.021684032666854407 0.021684032666854407 0.021684032666854407 0.023092086736130668 0.02478175161926218 
0.005068994649394537 0.005068994649394537 0.005068994649394537 0.005632216277105041 0.005632216277105041 0.005632216277105041 0.005632216277105041 0.005632216277105041 0.005632216277105041 0.005632216277105041 0.005632216277105041 0.005632216277105041 0.005913827090960293 0.005913827090960293 
0.005632216277105041 0.007321881160236553 0.007321881160236553 0.007603491974091805 0.007885102787947058 0.007885102787947058 0.008166713601802308 0.009856378484933821 0.009856378484933821 0.009856378484933821 0.01098282174035483 0.011264432554210082 0.011546043368065334 0.011546043368065334 
0.005068994649394537 0.005068994649394537 0.005632216277105041 0.005632216277105041 0.005632216277105041 0.005632216277105041 0.006195437904815545 0.006195437904815545 0.006758659532526049 0.007603491974091805 0.007603491974091805 0.007603491974091805 0.007603491974091805 0.007603491974091805 
0.005068994649394537 0.005068994649394537 0.005068994649394537 0.008729935229512813 0.008729935229512813 0.008729935229512813 0.008729935229512813 0.008729935229512813 0.009293156857223317 0.009293156857223317 0.011827654181920586 0.013517319065052097 0.013517319065052097 0.01379892987890735 
0.005632216277105041 0.007040270346381301 0.00844832441565756 0.008729935229512813 0.009011546043368065 0.010701210926499578 0.01239087580963109 0.01239087580963109 0.01239087580963109 0.012672486623486343 0.012954097437341595 0.013517319065052097 0.013517319065052097 0.013517319065052097 
0.004505773021684032 0.006758659532526049 0.007321881160236553 0.008166713601802308 0.008166713601802308 0.008166713601802308 0.008166713601802308 0.008166713601802308 0.008166713601802308 0.008729935229512813 0.008729935229512813 0.008729935229512813 0.008729935229512813 0.009293156857223317 
0.005350605463249789 0.005350605463249789 0.005350605463249789 0.005632216277105041 0.005632216277105041 0.005913827090960293 0.00844832441565756 0.009293156857223317 0.009293156857223317 0.009293156857223317 0.009293156857223317 0.009574767671078569 0.009574767671078569 0.009574767671078569 
0.005632216277105041 0.009011546043368065 0.009011546043368065 0.009011546043368065 0.009011546043368065 0.010419600112644326 0.010419600112644326 0.010419600112644326 0.010419600112644326 0.010419600112644326 0.010419600112644326 0.010419600112644326 0.010419600112644326 0.010419600112644326 
0.0019712756969867645 0.002252886510842016 0.002252886510842016 0.002252886510842016 0.002252886510842016 0.002252886510842016 0.002252886510842016 0.002252886510842016 0.002252886510842016 0.0025344973246972683 0.0025344973246972683 0.0025344973246972683 0.0025344973246972683 0.0025344973246972683 
0.0047873838355392846 0.01239087580963109 0.013235708251196845 0.013517319065052097 0.01379892987890735 0.014643762320473106 0.01520698394818361 0.016333427203604617 0.017459870459025625 0.018304702900591382 0.018304702900591382 0.01943114615601239 0.01943114615601239 0.019994367783722895 
0.001126443255421008 0.001126443255421008 0.001126443255421008 0.001126443255421008 0.001126443255421008 0.001126443255421008 0.001126443255421008 0.001126443255421008 0.001126443255421008 0.001126443255421008 0.001126443255421008 0.001126443255421008 0.001126443255421008 0.001126443255421008 
0.001126443255421008 0.001126443255421008 0.0014080540692762602 0.0016896648831315122 0.0016896648831315122 0.0016896648831315122 0.0016896648831315122 0.0016896648831315122 0.0016896648831315122 0.0016896648831315122 0.0016896648831315122 0.0016896648831315122 0.0016896648831315122 0.0016896648831315122 
0.014643762320473106 0.02224725429456491 0.02618980568853844 0.02618980568853844 0.02618980568853844 0.02647141650239369 0.027316248943959447 0.027316248943959447 0.028161081385525203 0.028161081385525203 0.028161081385525203 0.028161081385525203 0.028161081385525203 0.028161081385525203 
0.005068994649394537 0.005068994649394537 0.005068994649394537 0.005068994649394537 0.005632216277105041 0.005632216277105041 0.006477048718670797 0.006758659532526049 0.007321881160236553 0.007321881160236553 0.008166713601802308 0.008166713601802308 0.008166713601802308 0.009293156857223317 
0.005068994649394537 0.005068994649394537 0.005068994649394537 0.005350605463249789 0.005350605463249789 0.005350605463249789 0.005350605463249789 0.005350605463249789 0.005350605463249789 0.005632216277105041 0.005632216277105041 0.005632216277105041 0.005632216277105041 0.006195437904815545 
0.004505773021684032 0.005068994649394537 0.007040270346381301 0.007603491974091805 0.007603491974091805 0.007603491974091805 0.008166713601802308 0.00844832441565756 0.009293156857223317 0.009293156857223317 0.009574767671078569 0.009574767671078569 0.010137989298789073 0.010701210926499578 
0.00422416220782878 0.0047873838355392846 0.0047873838355392846 0.0047873838355392846 0.0047873838355392846 0.0047873838355392846 0.0047873838355392846 0.0047873838355392846 0.0047873838355392846 0.0047873838355392846 0.0047873838355392846 0.0047873838355392846 0.0047873838355392846 0.0047873838355392846 
0.00422416220782878 0.007603491974091805 0.007603491974091805 0.008166713601802308 0.008166713601802308 0.008166713601802308 0.008166713601802308 0.008166713601802308 0.008166713601802308 0.008166713601802308 0.00844832441565756 0.00844832441565756 0.008729935229512813 0.008729935229512813 
0.002252886510842016 0.0025344973246972683 0.0025344973246972683 0.0030977189524077726 0.0030977189524077726 0.0030977189524077726 0.0030977189524077726 0.0030977189524077726 0.004505773021684032 0.0047873838355392846 0.0047873838355392846 0.007885102787947058 0.008729935229512813 0.008729935229512813 
0.00422416220782878 0.00422416220782878 0.005632216277105041 0.005632216277105041 0.005632216277105041 0.005632216277105041 0.006758659532526049 0.007040270346381301 0.007040270346381301 0.007321881160236553 0.007321881160236553 0.007321881160236553 0.007321881160236553 0.009011546043368065 
0.005068994649394537 0.005068994649394537 0.005068994649394537 0.005068994649394537 0.005068994649394537 0.005068994649394537 0.005350605463249789 0.005350605463249789 0.005350605463249789 0.005350605463249789 0.005350605463249789 0.005350605463249789 0.005350605463249789 0.005350605463249789 
0.014643762320473106 0.02224725429456491 0.02478175161926218 0.02590819487468319 0.02590819487468319 0.02590819487468319 0.026753027316248942 0.026753027316248942 0.026753027316248942 0.02928752464094621 0.029850746268656716 0.029850746268656716 0.029850746268656716 0.030695578710222472 
0.0014080540692762602 0.0014080540692762602 0.0014080540692762602 0.0014080540692762602 0.0014080540692762602 0.0014080540692762602 0.0014080540692762602 0.0014080540692762602 0.0014080540692762602 0.0014080540692762602 0.0014080540692762602 0.0014080540692762602 0.0014080540692762602 0.0014080540692762602 
0.004505773021684032 0.007603491974091805 0.007603491974091805 0.007603491974091805 0.007603491974091805 0.007603491974091805 0.007603491974091805 0.007603491974091805 0.007603491974091805 0.007885102787947058 0.007885102787947058 0.007885102787947058 0.007885102787947058 0.008166713601802308 
0.0036609405801182764 0.005350605463249789 0.006195437904815545 0.006195437904815545 0.006195437904815545 0.007885102787947058 0.00844832441565756 0.00844832441565756 0.00844832441565756 0.00844832441565756 0.008729935229512813 0.008729935229512813 0.009011546043368065 0.009574767671078569 
0.00422416220782878 0.007321881160236553 0.007321881160236553 0.007321881160236553 0.007321881160236553 0.007321881160236553 0.007321881160236553 0.007321881160236553 0.007321881160236553 0.007321881160236553 0.007321881160236553 0.007603491974091805 0.007603491974091805 0.007603491974091805 
0.00422416220782878 0.004505773021684032 0.005913827090960293 0.010701210926499578 0.011827654181920586 0.012109264995775838 0.012109264995775838 0.012954097437341595 0.013517319065052097 0.013517319065052097 0.014080540692762602 0.014362151506617854 0.014362151506617854 0.014362151506617854 
0.014643762320473106 0.024218529991551677 0.026753027316248942 0.027316248943959447 0.027316248943959447 0.02900591382709096 0.02900591382709096 0.02900591382709096 0.03210363277949873 0.03294846522106449 0.03294846522106449 0.03323007603491974 0.03323007603491974 0.03323007603491974 
0.0030977189524077726 0.005913827090960293 0.007603491974091805 0.008166713601802308 0.008166713601802308 0.013517319065052097 0.01379892987890735 0.01379892987890735 0.014362151506617854 0.01520698394818361 0.015770205575894116 0.016333427203604617 0.01661503801745987 0.017741481272880878 
0.003942551393973529 0.003942551393973529 0.003942551393973529 0.003942551393973529 0.003942551393973529 0.003942551393973529 0.004505773021684032 0.004505773021684032 0.004505773021684032 0.004505773021684032 0.004505773021684032 0.004505773021684032 0.004505773021684032 0.004505773021684032 
0.005068994649394537 0.005068994649394537 0.005068994649394537 0.005068994649394537 0.005068994649394537 0.005068994649394537 0.005068994649394537 0.005068994649394537 0.005068994649394537 0.005068994649394537 0.005068994649394537 0.005068994649394537 0.005068994649394537 0.005068994649394537 
0.00422416220782878 0.010137989298789073 0.010419600112644326 0.010419600112644326 0.010701210926499578 0.010701210926499578 0.014080540692762602 0.014080540692762602 0.014080540692762602 0.019994367783722895 0.019994367783722895 0.020275978597578147 0.021684032666854407 0.021684032666854407 
0.014643762320473106 0.024218529991551677 0.02900591382709096 0.032385243593353985 0.032385243593353985 0.032666854407209234 0.033511686848774994 0.034638130104196 0.035482962545761755 0.03576457335961701 0.03604618417347226 0.036609405801182764 0.03717262742889327 0.03717262742889327 
0.005913827090960293 0.007885102787947058 0.00844832441565756 0.008729935229512813 0.008729935229512813 0.008729935229512813 0.009574767671078569 0.009856378484933821 0.010419600112644326 0.010419600112644326 0.010419600112644326 0.010419600112644326 0.010419600112644326 0.010419600112644326 
0.005350605463249789 0.005350605463249789 0.005350605463249789 0.005350605463249789 0.006195437904815545 0.006477048718670797 0.006477048718670797 0.006477048718670797 0.006477048718670797 0.006477048718670797 0.006477048718670797 0.009011546043368065 0.009293156857223317 0.009856378484933821 
0.007603491974091805 0.007885102787947058 0.008166713601802308 0.00844832441565756 0.00844832441565756 0.00844832441565756 0.00844832441565756 0.00844832441565756 0.00844832441565756 0.00844832441565756 0.00844832441565756 0.00844832441565756 0.00844832441565756 0.00844832441565756 
0.005350605463249789 0.005350605463249789 0.005350605463249789 0.005350605463249789 0.005350605463249789 0.005350605463249789 0.005350605463249789 0.005350605463249789 0.005350605463249789 0.005350605463249789 0.005350605463249789 0.005350605463249789 0.005350605463249789 0.005350605463249789 
0.0030977189524077726 0.0030977189524077726 0.0030977189524077726 0.0030977189524077726 0.0030977189524077726 0.0030977189524077726 0.0030977189524077726 0.0030977189524077726 0.0030977189524077726 0.0030977189524077726 0.0030977189524077726 0.0030977189524077726 0.0030977189524077726 0.0030977189524077726 
0.0008448324415657561 0.0008448324415657561 0.0008448324415657561 0.0008448324415657561 0.0016896648831315122 0.0016896648831315122 0.0030977189524077726 0.0036609405801182764 0.0036609405801182764 0.003942551393973529 0.003942551393973529 0.00422416220782878 0.00422416220782878 0.00422416220782878 
0.005632216277105041 0.005632216277105041 0.005632216277105041 0.007040270346381301 0.008166713601802308 0.009856378484933821 0.011264432554210082 0.012672486623486343 0.013235708251196845 0.013517319065052097 0.01379892987890735 0.014080540692762602 0.014362151506617854 0.014362151506617854 
0.0016896648831315122 0.0016896648831315122 0.0016896648831315122 0.0016896648831315122 0.0016896648831315122 0.0016896648831315122 0.0016896648831315122 0.0016896648831315122 0.0016896648831315122 0.0016896648831315122 0.0016896648831315122 0.0016896648831315122 0.0016896648831315122 0.0016896648831315122 
0.005350605463249789 0.007603491974091805 0.007603491974091805 0.007603491974091805 0.007603491974091805 0.007603491974091805 0.007603491974091805 0.007603491974091805 0.007603491974091805 0.007603491974091805 0.007603491974091805 0.007603491974091805 0.007603491974091805 0.007603491974091805 
0.005632216277105041 0.007885102787947058 0.007885102787947058 0.007885102787947058 0.007885102787947058 0.007885102787947058 0.007885102787947058 0.007885102787947058 0.007885102787947058 0.007885102787947058 0.007885102787947058 0.007885102787947058 0.007885102787947058 0.007885102787947058 
0.0030977189524077726 0.0033793297662630243 0.0033793297662630243 0.0033793297662630243 0.0033793297662630243 0.00422416220782878 0.00422416220782878 0.00422416220782878 0.00422416220782878 0.00422416220782878 0.00422416220782878 0.00422416220782878 0.004505773021684032 0.004505773021684032 
0.0016896648831315122 0.0016896648831315122 0.0016896648831315122 0.0019712756969867645 0.002252886510842016 0.002252886510842016 0.002252886510842016 0.002252886510842016 0.002252886510842016 0.002252886510842016 0.002252886510842016 0.002252886510842016 0.002252886510842016 0.002252886510842016 
0.005068994649394537 0.005068994649394537 0.005068994649394537 0.005068994649394537 0.005068994649394537 0.005068994649394537 0.005068994649394537 0.005068994649394537 0.005068994649394537 0.005068994649394537 0.005068994649394537 0.005068994649394537 0.005068994649394537 0.005068994649394537 
0.005913827090960293 0.009011546043368065 0.009293156857223317 0.010419600112644326 0.011264432554210082 0.012109264995775838 0.012672486623486343 0.012954097437341595 0.01379892987890735 0.014080540692762602 0.014643762320473106 0.014643762320473106 0.014643762320473106 0.014643762320473106 
0.005632216277105041 0.009011546043368065 0.009011546043368065 0.009293156857223317 0.009574767671078569 0.009574767671078569 0.009574767671078569 0.009574767671078569 0.009574767671078569 0.009574767671078569 0.009574767671078569 0.009574767671078569 0.009574767671078569 0.009574767671078569 
0.0008448324415657561 0.0028161081385525205 0.0028161081385525205 0.0028161081385525205 0.005632216277105041 0.005913827090960293 0.005913827090960293 0.005913827090960293 0.005913827090960293 0.007040270346381301 0.007040270346381301 0.007040270346381301 0.007040270346381301 0.007321881160236553 
0.005632216277105041 0.009011546043368065 0.009293156857223317 0.009293156857223317 0.009293156857223317 0.009856378484933821 0.009856378484933821 0.009856378484933821 0.010137989298789073 0.010137989298789073 0.010137989298789073 0.011264432554210082 0.011546043368065334 0.011546043368065334 
0.005632216277105041 0.005632216277105041 0.009293156857223317 0.009856378484933821 0.011264432554210082 0.015488594762038862 0.015488594762038862 0.017178259645170373 0.017178259645170373 0.02083920022528865 0.022528865108420164 0.022528865108420164 0.022528865108420164 0.022528865108420164 
0.014643762320473106 0.02196564348070966 0.028442692199380455 0.03154041115178823 0.03182202196564348 0.03182202196564348 0.03182202196564348 0.03182202196564348 0.03576457335961701 0.037454238242748523 0.039143903125880036 0.0416784004505773 0.0416784004505773 0.042523232892143055 
0.0030977189524077726 0.0033793297662630243 0.0036609405801182764 0.0036609405801182764 0.0036609405801182764 0.0036609405801182764 0.0036609405801182764 0.0036609405801182764 0.003942551393973529 0.003942551393973529 0.0047873838355392846 0.005068994649394537 0.005068994649394537 0.005068994649394537 
0.009574767671078569 0.012672486623486343 0.015770205575894116 0.020275978597578147 0.021120811039143903 0.028724303013235707 0.02900591382709096 0.029850746268656716 0.030132357082511968 0.030132357082511968 0.030132357082511968 0.03041396789636722 0.030695578710222472 0.031258800337932977 
0.005632216277105041 0.005632216277105041 0.005632216277105041 0.006477048718670797 0.006477048718670797 0.006477048718670797 0.006758659532526049 0.006758659532526049 0.006758659532526049 0.007321881160236553 0.007603491974091805 0.007885102787947058 0.007885102787947058 0.007885102787947058 
0.014643762320473106 0.019994367783722895 0.02647141650239369 0.027034638130104195 0.028442692199380455 0.03210363277949873 0.03210363277949873 0.03210363277949873 0.03210363277949873 0.032666854407209234 0.03379329766263024 0.0340749084764855 0.0340749084764855 0.03435651929034075 
0.010419600112644326 0.014362151506617854 0.017741481272880878 0.021402421852999155 0.021402421852999155 0.022810475922275416 0.022810475922275416 0.022810475922275416 0.022810475922275416 0.023092086736130668 0.023092086736130668 0.023092086736130668 0.02337369754998592 0.02337369754998592 
0.0019712756969867645 0.0019712756969867645 0.0019712756969867645 0.002252886510842016 0.002252886510842016 0.002252886510842016 0.002252886510842016 0.002252886510842016 0.002252886510842016 0.002252886510842016 0.002252886510842016 0.002252886510842016 0.002252886510842016 0.002252886510842016 
0.014643762320473106 0.02196564348070966 0.02337369754998592 0.024218529991551677 0.024218529991551677 0.02478175161926218 0.02590819487468319 0.02900591382709096 0.02928752464094621 0.029569135454801464 0.029569135454801464 0.029569135454801464 0.029569135454801464 0.029569135454801464 
0.0016896648831315122 0.0016896648831315122 0.0016896648831315122 0.0016896648831315122 0.0016896648831315122 0.007040270346381301 0.010137989298789073 0.011264432554210082 0.011264432554210082 0.011827654181920586 0.011827654181920586 0.011827654181920586 0.011827654181920586 0.011827654181920586 
0.0 0.000563221627710504 0.000563221627710504 0.000563221627710504 0.000563221627710504 0.000563221627710504 0.000563221627710504 0.000563221627710504 0.000563221627710504 0.000563221627710504 0.000563221627710504 0.000563221627710504 0.000563221627710504 0.000563221627710504 
0.0047873838355392846 0.007885102787947058 0.009574767671078569 0.014362151506617854 0.014362151506617854 0.018304702900591382 0.019712756969867642 0.019712756969867642 0.0205575894114334 0.02196564348070966 0.022810475922275416 0.02337369754998592 0.024218529991551677 0.024218529991551677 
0.005632216277105041 0.005632216277105041 0.009011546043368065 0.009011546043368065 0.009011546043368065 0.009011546043368065 0.009011546043368065 0.009011546043368065 0.009574767671078569 0.009574767671078569 0.009574767671078569 0.009574767671078569 0.009574767671078569 0.009574767671078569 
0.004505773021684032 0.007603491974091805 0.007885102787947058 0.008729935229512813 0.008729935229512813 0.008729935229512813 0.01239087580963109 0.012954097437341595 0.01379892987890735 0.014643762320473106 0.014925373134328358 0.014925373134328358 0.014925373134328358 0.014925373134328358 
0.0019712756969867645 0.002252886510842016 0.0025344973246972683 0.0025344973246972683 0.0025344973246972683 0.0025344973246972683 0.0025344973246972683 0.0025344973246972683 0.0025344973246972683 0.0025344973246972683 0.0025344973246972683 0.0025344973246972683 0.0025344973246972683 0.0025344973246972683 
0.0008448324415657561 0.0008448324415657561 0.0008448324415657561 0.0008448324415657561 0.0008448324415657561 0.0008448324415657561 0.001126443255421008 0.0014080540692762602 0.0014080540692762602 0.0014080540692762602 0.0014080540692762602 0.0014080540692762602 0.0019712756969867645 0.0019712756969867645 
0.00422416220782878 0.007321881160236553 0.007321881160236553 0.007321881160236553 0.007321881160236553 0.007321881160236553 0.007321881160236553 0.007321881160236553 0.007603491974091805 0.007885102787947058 0.008166713601802308 0.00844832441565756 0.00844832441565756 0.00844832441565756 
0.013517319065052097 0.02083920022528865 0.02224725429456491 0.02224725429456491 0.027316248943959447 0.028442692199380455 0.029569135454801464 0.029569135454801464 0.029569135454801464 0.029569135454801464 0.029850746268656716 0.029850746268656716 0.03210363277949873 0.03210363277949873 
0.0016896648831315122 0.0016896648831315122 0.0019712756969867645 0.0019712756969867645 0.0019712756969867645 0.0019712756969867645 0.0019712756969867645 0.0019712756969867645 0.0019712756969867645 0.0019712756969867645 0.0019712756969867645 0.0019712756969867645 0.0019712756969867645 0.0019712756969867645 
0.004505773021684032 0.004505773021684032 0.005068994649394537 0.006195437904815545 0.006195437904815545 0.006758659532526049 0.006758659532526049 0.006758659532526049 0.007040270346381301 0.007040270346381301 0.007040270346381301 0.007040270346381301 0.007040270346381301 0.007040270346381301 
0.005068994649394537 0.005068994649394537 0.005350605463249789 0.005913827090960293 0.005913827090960293 0.006195437904815545 0.006477048718670797 0.006758659532526049 0.006758659532526049 0.006758659532526049 0.006758659532526049 0.006758659532526049 0.006758659532526049 0.007040270346381301 
0.0047873838355392846 0.005068994649394537 0.005068994649394537 0.005068994649394537 0.005068994649394537 0.005068994649394537 0.005068994649394537 0.005068994649394537 0.005068994649394537 0.005068994649394537 0.005068994649394537 0.005068994649394537 0.005068994649394537 0.005068994649394537 
0.004505773021684032 0.006758659532526049 0.01520698394818361 0.01520698394818361 0.016333427203604617 0.01661503801745987 0.01661503801745987 0.017178259645170373 0.017459870459025625 0.017459870459025625 0.018304702900591382 0.018304702900591382 0.018867924528301886 0.018867924528301886 
0.0036609405801182764 0.007321881160236553 0.007603491974091805 0.007603491974091805 0.007603491974091805 0.007603491974091805 0.007603491974091805 0.007603491974091805 0.007603491974091805 0.007603491974091805 0.007885102787947058 0.007885102787947058 0.008166713601802308 0.008166713601802308 
0.014643762320473106 0.02196564348070966 0.02196564348070966 0.02337369754998592 0.023655308363841172 0.023655308363841172 0.023655308363841172 0.023655308363841172 0.023936919177696424 0.02478175161926218 0.02478175161926218 0.02478175161926218 0.02478175161926218 0.025626584060827937 
0.005632216277105041 0.009011546043368065 0.009011546043368065 0.009011546043368065 0.009293156857223317 0.010137989298789073 0.010137989298789073 0.010419600112644326 0.010419600112644326 0.010419600112644326 0.010419600112644326 0.010419600112644326 0.010419600112644326 0.010419600112644326 
0.0036609405801182764 0.005632216277105041 0.007603491974091805 0.007885102787947058 0.011264432554210082 0.011264432554210082 0.011264432554210082 0.011264432554210082 0.011264432554210082 0.011264432554210082 0.011264432554210082 0.011264432554210082 0.011264432554210082 0.011264432554210082 
0.004505773021684032 0.004505773021684032 0.005068994649394537 0.005068994649394537 0.005068994649394537 0.005068994649394537 0.005068994649394537 0.005068994649394537 0.005068994649394537 0.005068994649394537 0.005068994649394537 0.005068994649394537 0.005068994649394537 0.005068994649394537 
0.006758659532526049 0.006758659532526049 0.007603491974091805 0.008166713601802308 0.008166713601802308 0.008166713601802308 0.00844832441565756 0.008729935229512813 0.008729935229512813 0.008729935229512813 0.008729935229512813 0.008729935229512813 0.008729935229512813 0.008729935229512813 
0.0047873838355392846 0.006195437904815545 0.008729935229512813 0.012109264995775838 0.01239087580963109 0.01239087580963109 0.01239087580963109 0.01239087580963109 0.012954097437341595 0.014080540692762602 0.014080540692762602 0.014080540692762602 0.014362151506617854 0.014362151506617854 
0.0016896648831315122 0.0016896648831315122 0.0016896648831315122 0.0016896648831315122 0.0016896648831315122 0.0016896648831315122 0.0016896648831315122 0.0016896648831315122 0.0016896648831315122 0.0016896648831315122 0.0016896648831315122 0.0016896648831315122 0.0016896648831315122 0.0016896648831315122 
0.0 0.0 0.0 0.0 0.0 0.0 0.0 0.0 0.0 0.0 0.0 0.0 0.0 0.0 
0.005632216277105041 0.009011546043368065 0.009011546043368065 0.009293156857223317 0.009293156857223317 0.009293156857223317 0.009574767671078569 0.009856378484933821 0.009856378484933821 0.009856378484933821 0.009856378484933821 0.009856378484933821 0.009856378484933821 0.009856378484933821 
0.005632216277105041 0.007040270346381301 0.009011546043368065 0.011264432554210082 0.011264432554210082 0.012672486623486343 0.012672486623486343 0.012672486623486343 0.013235708251196845 0.013235708251196845 0.013235708251196845 0.013235708251196845 0.013235708251196845 0.013517319065052097 
0.005632216277105041 0.005913827090960293 0.006477048718670797 0.006758659532526049 0.006758659532526049 0.006758659532526049 0.006758659532526049 0.006758659532526049 0.006758659532526049 0.006758659532526049 0.006758659532526049 0.006758659532526049 0.006758659532526049 0.006758659532526049 
0.014643762320473106 0.019994367783722895 0.031258800337932977 0.03858068149816953 0.040270346381301045 0.040270346381301045 0.040270346381301045 0.040270346381301045 0.040270346381301045 0.04083356800901155 0.04083356800901155 0.04083356800901155 0.04083356800901155 0.04083356800901155 
0.0028161081385525205 0.0036609405801182764 0.0036609405801182764 0.003942551393973529 0.003942551393973529 0.003942551393973529 0.003942551393973529 0.00422416220782878 0.00422416220782878 0.00422416220782878 0.004505773021684032 0.004505773021684032 0.005068994649394537 0.005068994649394537 
0.005350605463249789 0.005350605463249789 0.005350605463249789 0.005913827090960293 0.006195437904815545 0.006195437904815545 0.006195437904815545 0.006195437904815545 0.006195437904815545 0.006195437904815545 0.006195437904815545 0.006758659532526049 0.006758659532526049 0.006758659532526049 
0.014643762320473106 0.022810475922275416 0.023936919177696424 0.024218529991551677 0.031258800337932977 0.03154041115178823 0.03576457335961701 0.03689101661503802 0.03717262742889327 0.03717262742889327 0.037454238242748523 0.037454238242748523 0.037454238242748523 0.037454238242748523 
0.005068994649394537 0.006477048718670797 0.006477048718670797 0.006477048718670797 0.006477048718670797 0.006477048718670797 0.006477048718670797 0.006477048718670797 0.006477048718670797 0.006477048718670797 0.006477048718670797 0.006477048718670797 0.006477048718670797 0.006477048718670797 
0.014643762320473106 0.02196564348070966 0.028724303013235707 0.030695578710222472 0.032385243593353985 0.032385243593353985 0.032385243593353985 0.032385243593353985 0.032666854407209234 0.032666854407209234 0.03323007603491974 0.03323007603491974 0.03379329766263024 0.03435651929034075 
0.003942551393973529 0.007321881160236553 0.007321881160236553 0.007321881160236553 0.007321881160236553 0.007321881160236553 0.007321881160236553 0.007321881160236553 0.007885102787947058 0.008166713601802308 0.008166713601802308 0.00844832441565756 0.008729935229512813 0.008729935229512813 
0.00422416220782878 0.007321881160236553 0.007321881160236553 0.007321881160236553 0.007321881160236553 0.007321881160236553 0.007321881160236553 0.009574767671078569 0.009574767671078569 0.009574767671078569 0.009574767671078569 0.009574767671078569 0.009574767671078569 0.009574767671078569 
0.014643762320473106 0.02196564348070966 0.02196564348070966 0.02337369754998592 0.02900591382709096 0.03154041115178823 0.03154041115178823 0.03604618417347226 0.03801745987045903 0.03801745987045903 0.03858068149816953 0.039143903125880036 0.039143903125880036 0.039143903125880036 
0.005632216277105041 0.005632216277105041 0.005632216277105041 0.005632216277105041 0.005632216277105041 0.005632216277105041 0.005632216277105041 0.005632216277105041 0.005632216277105041 0.005632216277105041 0.005632216277105041 0.005632216277105041 0.005632216277105041 0.005632216277105041 
0.014643762320473106 0.022528865108420164 0.03154041115178823 0.03294846522106449 0.03379329766263024 0.0340749084764855 0.035201351731906506 0.036327794987327515 0.03689101661503802 0.03717262742889327 0.03717262742889327 0.038299070684314276 0.040270346381301045 0.04083356800901155 
0.005068994649394537 0.005068994649394537 0.005068994649394537 0.005068994649394537 0.005068994649394537 0.005068994649394537 0.005068994649394537 0.005068994649394537 0.005068994649394537 0.005068994649394537 0.005068994649394537 0.005068994649394537 0.005068994649394537 0.005068994649394537 
0.0 0.0 0.0 0.0 0.0 0.0 0.0 0.0 0.0 0.0 0.0 0.0 0.0 0.0 
0.005350605463249789 0.005350605463249789 0.005632216277105041 0.005632216277105041 0.005632216277105041 0.005632216277105041 0.005632216277105041 0.005632216277105041 0.005632216277105041 0.005632216277105041 0.005632216277105041 0.005913827090960293 0.005913827090960293 0.005913827090960293 
0.005913827090960293 0.006477048718670797 0.007885102787947058 0.00844832441565756 0.008729935229512813 0.009574767671078569 0.009574767671078569 0.010419600112644326 0.013235708251196845 0.013235708251196845 0.013235708251196845 0.013517319065052097 0.013517319065052097 0.013517319065052097 
0.005632216277105041 0.009011546043368065 0.009011546043368065 0.009574767671078569 0.009574767671078569 0.009574767671078569 0.009574767671078569 0.009856378484933821 0.009856378484933821 0.009856378484933821 0.009856378484933821 0.010701210926499578 0.010701210926499578 0.010701210926499578 
0.00422416220782878 0.00422416220782878 0.00422416220782878 0.004505773021684032 0.004505773021684032 0.004505773021684032 0.004505773021684032 0.004505773021684032 0.004505773021684032 0.004505773021684032 0.004505773021684032 0.004505773021684032 0.004505773021684032 0.004505773021684032 
0.005068994649394537 0.005068994649394537 0.005068994649394537 0.005068994649394537 0.005068994649394537 0.005068994649394537 0.005068994649394537 0.005068994649394537 0.005068994649394537 0.005068994649394537 0.005068994649394537 0.005068994649394537 0.005068994649394537 0.005068994649394537 
0.004505773021684032 0.004505773021684032 0.004505773021684032 0.004505773021684032 0.004505773021684032 0.004505773021684032 0.004505773021684032 0.004505773021684032 0.004505773021684032 0.004505773021684032 0.004505773021684032 0.004505773021684032 0.004505773021684032 0.004505773021684032 
0.00844832441565756 0.015770205575894116 0.017741481272880878 0.018586313714446634 0.018586313714446634 0.018867924528301886 0.018867924528301886 0.018867924528301886 0.01943114615601239 0.02083920022528865 0.02083920022528865 0.021120811039143903 0.021402421852999155 0.021402421852999155 
0.005632216277105041 0.006758659532526049 0.006758659532526049 0.007603491974091805 0.009011546043368065 0.009011546043368065 0.009011546043368065 0.010419600112644326 0.010701210926499578 0.010701210926499578 0.01098282174035483 0.01098282174035483 0.01098282174035483 0.01098282174035483 
0.004505773021684032 0.004505773021684032 0.004505773021684032 0.004505773021684032 0.004505773021684032 0.004505773021684032 0.004505773021684032 0.004505773021684032 0.004505773021684032 0.004505773021684032 0.004505773021684032 0.004505773021684032 0.004505773021684032 0.004505773021684032 
0.0047873838355392846 0.013517319065052097 0.016333427203604617 0.017741481272880878 0.020275978597578147 0.0205575894114334 0.021120811039143903 0.02224725429456491 0.02224725429456491 0.02224725429456491 0.02224725429456491 0.02224725429456491 0.02224725429456491 0.02224725429456491 
0.008166713601802308 0.011546043368065334 0.011827654181920586 0.011827654181920586 0.012109264995775838 0.012109264995775838 0.012109264995775838 0.012109264995775838 0.012109264995775838 0.012109264995775838 0.012109264995775838 0.012109264995775838 0.012109264995775838 0.012109264995775838 
0.005068994649394537 0.005068994649394537 0.005068994649394537 0.005068994649394537 0.005068994649394537 0.005068994649394537 0.005068994649394537 0.005068994649394537 0.005068994649394537 0.005068994649394537 0.005350605463249789 0.005350605463249789 0.005350605463249789 0.005350605463249789 
0.0008448324415657561 0.0014080540692762602 0.00422416220782878 0.00844832441565756 0.00844832441565756 0.010137989298789073 0.010137989298789073 0.010419600112644326 0.010419600112644326 0.010419600112644326 0.010701210926499578 0.010701210926499578 0.010701210926499578 0.010701210926499578 
0.004505773021684032 0.007603491974091805 0.007603491974091805 0.009293156857223317 0.012672486623486343 0.013235708251196845 0.013517319065052097 0.013517319065052097 0.013517319065052097 0.01379892987890735 0.01379892987890735 0.01379892987890735 0.01379892987890735 0.014080540692762602 
0.00422416220782878 0.00422416220782878 0.00422416220782878 0.0047873838355392846 0.0047873838355392846 0.0047873838355392846 0.0047873838355392846 0.005068994649394537 0.005350605463249789 0.005632216277105041 0.006195437904815545 0.006477048718670797 0.009293156857223317 0.011264432554210082 
0.005632216277105041 0.009011546043368065 0.014080540692762602 0.014080540692762602 0.014080540692762602 0.014080540692762602 0.014080540692762602 0.014080540692762602 0.014080540692762602 0.014080540692762602 0.014080540692762602 0.014080540692762602 0.014362151506617854 0.014643762320473106 
0.0019712756969867645 0.0019712756969867645 0.0019712756969867645 0.0019712756969867645 0.0019712756969867645 0.0019712756969867645 0.0019712756969867645 0.0019712756969867645 0.0019712756969867645 0.0019712756969867645 0.0019712756969867645 0.0019712756969867645 0.0019712756969867645 0.0019712756969867645 
0.0028161081385525205 0.0028161081385525205 0.006758659532526049 0.007040270346381301 0.007603491974091805 0.007885102787947058 0.007885102787947058 0.008729935229512813 0.008729935229512813 0.009011546043368065 0.009011546043368065 0.009011546043368065 0.009011546043368065 0.009574767671078569 
0.005350605463249789 0.005350605463249789 0.005350605463249789 0.005350605463249789 0.005350605463249789 0.005350605463249789 0.005350605463249789 0.005350605463249789 0.005350605463249789 0.005350605463249789 0.005350605463249789 0.005350605463249789 0.005350605463249789 0.005350605463249789 
0.0036609405801182764 0.006477048718670797 0.006477048718670797 0.006477048718670797 0.006477048718670797 0.006477048718670797 0.006477048718670797 0.006477048718670797 0.006477048718670797 0.006477048718670797 0.006477048718670797 0.006477048718670797 0.006477048718670797 0.006477048718670797 
0.005350605463249789 0.009011546043368065 0.009011546043368065 0.010137989298789073 0.010419600112644326 0.015770205575894116 0.015770205575894116 0.01661503801745987 0.018586313714446634 0.018586313714446634 0.020275978597578147 0.0205575894114334 0.02083920022528865 0.02083920022528865 
0.013517319065052097 0.021120811039143903 0.029850746268656716 0.030695578710222472 0.03491974091805125 0.035482962545761755 0.03717262742889327 0.03717262742889327 0.03717262742889327 0.03801745987045903 0.038299070684314276 0.03886229231202478 0.039143903125880036 0.039425513939735285 
0.005632216277105041 0.009011546043368065 0.009011546043368065 0.012672486623486343 0.01379892987890735 0.019149535342157138 0.021120811039143903 0.021120811039143903 0.021120811039143903 0.022528865108420164 0.023655308363841172 0.023655308363841172 0.024218529991551677 0.025063362433117433 
0.003942551393973529 0.007321881160236553 0.007603491974091805 0.014643762320473106 0.014925373134328358 0.01661503801745987 0.01943114615601239 0.0205575894114334 0.0205575894114334 0.02083920022528865 0.02196564348070966 0.02224725429456491 0.02224725429456491 0.022810475922275416 
0.005632216277105041 0.005632216277105041 0.006195437904815545 0.006195437904815545 0.006477048718670797 0.007321881160236553 0.007603491974091805 0.007603491974091805 0.007885102787947058 0.007885102787947058 0.00844832441565756 0.00844832441565756 0.00844832441565756 0.00844832441565756 
0.0036609405801182764 0.006758659532526049 0.006758659532526049 0.007321881160236553 0.007321881160236553 0.007321881160236553 0.007321881160236553 0.007321881160236553 0.007321881160236553 0.007321881160236553 0.007321881160236553 0.007321881160236553 0.007885102787947058 0.007885102787947058 
0.005068994649394537 0.005068994649394537 0.005632216277105041 0.006195437904815545 0.006195437904815545 0.006477048718670797 0.006477048718670797 0.006477048718670797 0.006477048718670797 0.006477048718670797 0.006477048718670797 0.006477048718670797 0.006477048718670797 0.006477048718670797 
0.003942551393973529 0.007321881160236553 0.007885102787947058 0.01098282174035483 0.014643762320473106 0.01661503801745987 0.01661503801745987 0.017178259645170373 0.017178259645170373 0.017178259645170373 0.017178259645170373 0.018586313714446634 0.021684032666854407 0.02196564348070966 
0.013517319065052097 0.021120811039143903 0.02337369754998592 0.02337369754998592 0.024218529991551677 0.02450014080540693 0.025344973246972685 0.026753027316248942 0.029850746268656716 0.029850746268656716 0.029850746268656716 0.029850746268656716 0.030977189524077724 0.031258800337932977 
0.005632216277105041 0.007040270346381301 0.007040270346381301 0.007040270346381301 0.009574767671078569 0.009856378484933821 0.009856378484933821 0.010137989298789073 0.010137989298789073 0.010137989298789073 0.010137989298789073 0.010137989298789073 0.010137989298789073 0.010137989298789073 
0.0036609405801182764 0.0036609405801182764 0.007040270346381301 0.007603491974091805 0.011546043368065334 0.011546043368065334 0.013517319065052097 0.014080540692762602 0.014080540692762602 0.014362151506617854 0.014362151506617854 0.014925373134328358 0.015770205575894116 0.015770205575894116 
0.0036609405801182764 0.0036609405801182764 0.0036609405801182764 0.004505773021684032 0.004505773021684032 0.004505773021684032 0.004505773021684032 0.004505773021684032 0.004505773021684032 0.004505773021684032 0.004505773021684032 0.004505773021684032 0.004505773021684032 0.004505773021684032 
0.005632216277105041 0.009011546043368065 0.009293156857223317 0.009293156857223317 0.009293156857223317 0.01098282174035483 0.011546043368065334 0.012109264995775838 0.012109264995775838 0.012109264995775838 0.012109264995775838 0.012109264995775838 0.01239087580963109 0.01239087580963109 
0.0030977189524077726 0.005350605463249789 0.005913827090960293 0.005913827090960293 0.005913827090960293 0.006477048718670797 0.006758659532526049 0.006758659532526049 0.007040270346381301 0.007040270346381301 0.007040270346381301 0.007040270346381301 0.007040270346381301 0.007321881160236553 
0.005632216277105041 0.007040270346381301 0.007040270346381301 0.007603491974091805 0.007885102787947058 0.007885102787947058 0.008729935229512813 0.011827654181920586 0.01239087580963109 0.01239087580963109 0.01239087580963109 0.01239087580963109 0.01239087580963109 0.01239087580963109 
0.005632216277105041 0.012109264995775838 0.01239087580963109 0.013235708251196845 0.013517319065052097 0.014080540692762602 0.014080540692762602 0.014362151506617854 0.014925373134328358 0.014925373134328358 0.016333427203604617 0.016333427203604617 0.016333427203604617 0.016333427203604617 
0.013517319065052097 0.021120811039143903 0.02224725429456491 0.02337369754998592 0.026753027316248942 0.026753027316248942 0.027316248943959447 0.027316248943959447 0.030695578710222472 0.030695578710222472 0.03182202196564348 0.03182202196564348 0.03210363277949873 0.03689101661503802 
0.005632216277105041 0.005632216277105041 0.005632216277105041 0.005632216277105041 0.006195437904815545 0.006195437904815545 0.006477048718670797 0.006477048718670797 0.006758659532526049 0.006758659532526049 0.006758659532526049 0.006758659532526049 0.007040270346381301 0.007040270346381301 
0.0030977189524077726 0.0030977189524077726 0.005068994649394537 0.005068994649394537 0.005068994649394537 0.005632216277105041 0.005913827090960293 0.005913827090960293 0.005913827090960293 0.005913827090960293 0.005913827090960293 0.005913827090960293 0.005913827090960293 0.005913827090960293 
0.0 0.0 0.0 0.0 0.0 0.0 0.0 0.0 0.0 0.0 0.000281610813855252 0.000281610813855252 0.000281610813855252 0.000281610813855252 
0.004505773021684032 0.007603491974091805 0.007603491974091805 0.007603491974091805 0.008166713601802308 0.008166713601802308 0.00844832441565756 0.009011546043368065 0.009011546043368065 0.009011546043368065 0.010419600112644326 0.010419600112644326 0.010419600112644326 0.010419600112644326 
0.014643762320473106 0.02224725429456491 0.022810475922275416 0.02337369754998592 0.02337369754998592 0.02450014080540693 0.02450014080540693 0.02450014080540693 0.025063362433117433 0.02590819487468319 0.02590819487468319 0.026753027316248942 0.027034638130104195 0.027034638130104195 
0.0036609405801182764 0.0036609405801182764 0.005068994649394537 0.005068994649394537 0.005068994649394537 0.005068994649394537 0.005068994649394537 0.005068994649394537 0.005068994649394537 0.005068994649394537 0.005068994649394537 0.005068994649394537 0.005068994649394537 0.005068994649394537 
0.008166713601802308 0.008166713601802308 0.008166713601802308 0.008166713601802308 0.008166713601802308 0.008166713601802308 0.00844832441565756 0.00844832441565756 0.00844832441565756 0.00844832441565756 0.015488594762038862 0.01661503801745987 0.017178259645170373 0.017178259645170373 
0.005632216277105041 0.006758659532526049 0.007321881160236553 0.009574767671078569 0.011264432554210082 0.011264432554210082 0.012109264995775838 0.012109264995775838 0.01239087580963109 0.01239087580963109 0.01239087580963109 0.01239087580963109 0.01239087580963109 0.01239087580963109 
0.005632216277105041 0.008166713601802308 0.012672486623486343 0.012672486623486343 0.012672486623486343 0.013517319065052097 0.013517319065052097 0.013517319065052097 0.014362151506617854 0.014362151506617854 0.014362151506617854 0.014362151506617854 0.014362151506617854 0.014362151506617854 
0.005068994649394537 0.005068994649394537 0.005068994649394537 0.005068994649394537 0.005068994649394537 0.005068994649394537 0.005068994649394537 0.005350605463249789 0.005632216277105041 0.005632216277105041 0.005632216277105041 0.005632216277105041 0.005632216277105041 0.005632216277105041 
0.005632216277105041 0.014925373134328358 0.01802309208673613 0.01802309208673613 0.01802309208673613 0.018586313714446634 0.018867924528301886 0.018867924528301886 0.019149535342157138 0.019149535342157138 0.019149535342157138 0.019149535342157138 0.019149535342157138 0.019149535342157138 
0.014643762320473106 0.02224725429456491 0.02337369754998592 0.025344973246972685 0.025344973246972685 0.025344973246972685 0.025344973246972685 0.025344973246972685 0.028161081385525203 0.030977189524077724 0.03210363277949873 0.03210363277949873 0.03210363277949873 0.03210363277949873 
