0.5 0.3 0.3 0.3 0.3 0.5 0.5 0.5 0.5 0.5 0.5 0.5 0.5 0.5 
0.6666666666666666 1.0 1.0 1.0 1.0 1.0 1.0 1.0 1.0 1.0 1.0 1.0 1.0 1.0 
0.6153846153846154 0.8611111111111112 0.8648648648648649 0.8571428571428571 0.8571428571428571 0.825 0.8571428571428571 0.8484848484848485 0.84375 0.84375 0.8484848484848485 0.8484848484848485 0.8484848484848485 0.8484848484848485 
0.45 0.5 0.5 0.5 0.5 0.5 0.5 0.5 0.5 0.5 0.5 0.5 0.5 0.5 
0.625 0.8 0.8 0.8 0.7666666666666667 0.7741935483870968 0.7666666666666667 0.7666666666666667 0.7666666666666667 0.7666666666666667 0.7586206896551724 0.7586206896551724 0.7586206896551724 0.7741935483870968 
0.6176470588235294 0.6666666666666666 0.6666666666666666 0.6666666666666666 0.6666666666666666 0.6666666666666666 0.6666666666666666 0.6666666666666666 0.6666666666666666 0.6666666666666666 0.6666666666666666 0.6666666666666666 0.6666666666666666 0.6666666666666666 
0.5263157894736842 0.6666666666666666 0.6666666666666666 0.6666666666666666 0.6666666666666666 0.6666666666666666 0.6666666666666666 0.6666666666666666 0.6666666666666666 0.6666666666666666 0.6666666666666666 0.6666666666666666 0.6666666666666666 0.6666666666666666 
0.6666666666666666 0.6666666666666666 0.75 0.75 0.75 0.75 0.75 0.75 0.75 0.75 0.75 0.75 0.75 0.75 
0.45 0.6875 0.4782608695652174 0.4782608695652174 0.4782608695652174 0.4782608695652174 0.4782608695652174 0.4782608695652174 0.4782608695652174 0.4782608695652174 0.4782608695652174 0.4782608695652174 0.5 0.5 
0.5 0.0 0.3333333333333333 0.25 0.25 0.25 0.25 0.25 0.25 0.25 0.25 0.25 0.25 0.25 
0.46153846153846156 0.0 0.0 0.0 0.0 0.0 0.0 0.0 0.0 0.0 0.0 0.0 0.0 0.0 
0.43333333333333335 0.6363636363636364 0.6363636363636364 0.6666666666666666 0.6666666666666666 0.6666666666666666 0.6666666666666666 0.6666666666666666 0.6666666666666666 0.6666666666666666 0.6666666666666666 0.6666666666666666 0.6666666666666666 0.6666666666666666 
0.46153846153846156 0.75 0.75 0.75 0.75 0.75 0.75 0.75 0.75 0.75 0.75 0.75 0.75 0.75 
0.4 0.8 0.8 1.0 1.0 1.0 1.0 1.0 1.0 1.0 1.0 1.0 1.0 1.0 
0.0 1.0 1.0 1.0 1.0 1.0 1.0 1.0 1.0 1.0 1.0 1.0 1.0 1.0 
0.5 0.2 0.5 0.5 0.5 0.5 0.5 0.5 0.5 0.5 0.5 0.5 0.5 0.5 
0.45 0.5 0.5 0.5 0.5 0.5 0.5 0.5 0.5 0.5 0.5 0.5 0.5 0.5 
0 0 0 0 0 0 0 0 0 0 0 0 0 0 
0.4666666666666667 0.625 0.625 0.625 0.625 0.625 0.625 0.625 0.625 0.625 0.625 0.625 0.625 0.625 
0.625 0.7586206896551724 0.8064516129032258 0.7333333333333333 0.7333333333333333 0.7333333333333333 0.7333333333333333 0.7333333333333333 0.7666666666666667 0.7666666666666667 0.7666666666666667 0.7666666666666667 0.7666666666666667 0.7931034482758621 
0.0 1.0 1.0 1.0 1.0 1.0 1.0 1.0 1.0 1.0 1.0 1.0 1.0 1.0 
0.6153846153846154 0.8064516129032258 0.8387096774193549 0.8064516129032258 0.8125 0.8333333333333334 0.7741935483870968 0.7741935483870968 0.7741935483870968 0.7419354838709677 0.7419354838709677 0.8064516129032258 0.8125 0.8125 
0.5675675675675675 0.7948717948717948 0.7948717948717948 0.7804878048780488 0.7948717948717948 0.8157894736842105 0.8157894736842105 0.8157894736842105 0.8157894736842105 0.8157894736842105 0.8157894736842105 0.8157894736842105 0.8157894736842105 0.8157894736842105 
0.5294117647058824 0.5294117647058824 0.5882352941176471 0.5625 0.5625 0.5263157894736842 0.5263157894736842 0.5555555555555556 0.5 0.5 0.5 0.47368421052631576 0.5 0.5263157894736842 
0.2 0.0 0.0 0.0 0.0 0.0 0.0 0.0 0.3333333333333333 0.4 0.625 0.625 0.625 0.625 
0.6153846153846154 0.5909090909090909 0.5909090909090909 0.5909090909090909 0.5909090909090909 0.5909090909090909 0.5909090909090909 0.5909090909090909 0.5909090909090909 0.5909090909090909 0.6086956521739131 0.625 0.625 0.625 
0.5 0.6875 0.6666666666666666 0.75 0.6923076923076923 0.6923076923076923 0.6923076923076923 0.6923076923076923 0.6923076923076923 0.6923076923076923 0.7272727272727273 0.7272727272727273 0.7272727272727273 0.7272727272727273 
0.7647058823529411 0.7 0.7 0.7 0.7 0.7 0.7 0.7 0.7 0.7 0.7 0.7 0.7 0.7 
0.4444444444444444 0.5714285714285714 0.4 0.4 0.4 0.4 0.4 0.4 0.4 0.4 0.4 0.4 0.4 0.4 
0.5294117647058824 0.6666666666666666 0.6666666666666666 0.6666666666666666 0.6666666666666666 0.6666666666666666 0.6666666666666666 0.6666666666666666 0.6666666666666666 0.6666666666666666 0.6666666666666666 0.6666666666666666 0.6666666666666666 0.6666666666666666 
0.46153846153846156 0.0 0.0 0.0 0.0 0.0 0.0 0.0 0.0 0.0 0.0 0.0 0.0 0.0 
0.5 0.6086956521739131 0.6086956521739131 0.6086956521739131 0.6086956521739131 0.6086956521739131 0.6086956521739131 0.6086956521739131 0.6086956521739131 0.6086956521739131 0.5909090909090909 0.5909090909090909 0.5909090909090909 0.5909090909090909 
0.6176470588235294 0.25 0.25 0.25 0.25 0.25 0.25 0.25 0.25 0.25 0.25 0.25 0.25 0.25 
0.46153846153846156 0.6666666666666666 0.5 0.5 0.5 0.5 0.5 0.5 0.5 0.5 0.5 0.5 0.5 0.5 
0.4666666666666667 0.7142857142857143 0.7142857142857143 0.7142857142857143 0.7142857142857143 0.7142857142857143 0.7142857142857143 0.7142857142857143 0.7142857142857143 0.7142857142857143 0.7142857142857143 0.7142857142857143 0.7142857142857143 0.7142857142857143 
0.46153846153846156 0.0 0.0 0.0 0.0 0.0 0.0 0.0 0.0 0.0 0.0 0.0 0.0 0.0 
0.6363636363636364 0.75 0.5 1.0 1.0 1.0 1.0 1.0 1.0 1.0 1.0 1.0 1.0 1.0 
0.4444444444444444 0.5238095238095238 0.5 0.5 0.5 0.5 0.5 0.5 0.5 0.5 0.5 0.5 0.5 0.5 
0.45 0.5 0.5 0.5 0.5 0.5 0.5 0.5 0.5 0.5 0.5 0.5 0.5 0.5 
0.9074074074074074 1.0 1.0 1.0 1.0 1.0 1.0 1.0 1.0 1.0 1.0 1.0 1.0 1.0 
0.5 0.5 0.5 0.5 0.5 0.5 0.5 0.5 0.5 0.5 0.5 0.5 0.5 0.5 
0.47058823529411764 0.6086956521739131 0.6086956521739131 0.6086956521739131 0.5909090909090909 0.5909090909090909 0.5909090909090909 0.5909090909090909 0.5909090909090909 0.5909090909090909 0.5909090909090909 0.5909090909090909 0.5909090909090909 0.5909090909090909 
0.55 0.5 0.3333333333333333 0.0 0.0 0 0 0 0 0 0 0 0 0 
0.55 0.5263157894736842 0.5263157894736842 0.5263157894736842 0.5263157894736842 0.5263157894736842 0.5263157894736842 0.5263157894736842 0.5263157894736842 0.5263157894736842 0.5263157894736842 0.5263157894736842 0.5263157894736842 0.5263157894736842 
0.6153846153846154 0.8611111111111112 0.8717948717948718 0.875 0.875 0.875 0.875 0.875 0.875 0.875 0.8780487804878049 0.8780487804878049 0.8780487804878049 0.8780487804878049 
0.4 0.45454545454545453 0.45454545454545453 0.45454545454545453 0.45454545454545453 0.4166666666666667 0.4166666666666667 0.4166666666666667 0.4166666666666667 0.4166666666666667 0.4166666666666667 0.4166666666666667 0.4166666666666667 0.4166666666666667 
0 0 0 0 0 0 0 0 0 0 0 0 0 0 
0.45 0.6666666666666666 0.6666666666666666 0.6666666666666666 0.625 0.625 0.625 0.625 0.625 0.625 0.625 0.625 0.625 0.625 
0.45 0.6666666666666666 0.6666666666666666 0.6666666666666666 0.6666666666666666 0.6666666666666666 0.6666666666666666 0.6666666666666666 0.6666666666666666 0.6666666666666666 0.6666666666666666 0.6666666666666666 0.6666666666666666 0.6666666666666666 
0.4666666666666667 0.6363636363636364 0.6363636363636364 0.6363636363636364 0.6363636363636364 0.6363636363636364 0.6363636363636364 0.6363636363636364 0.6363636363636364 0.6363636363636364 0.6363636363636364 0.6363636363636364 0.6363636363636364 0.6363636363636364 
0.45 0.6666666666666666 0.7058823529411765 0.6363636363636364 0.6363636363636364 0.6363636363636364 0.5555555555555556 0.5555555555555556 0.5555555555555556 0.5 0.5 0.6 0.5217391304347826 0.5416666666666666 
0.45 0.6 0.6666666666666666 0.6666666666666666 0.6666666666666666 0.5263157894736842 0.5263157894736842 0.55 0.55 0.55 0.55 0.56 0.56 0.5 
0.42857142857142855 1.0 1.0 1.0 1.0 1.0 1.0 1.0 1.0 1.0 1.0 1.0 1.0 1.0 
0.5238095238095238 0.34375 0.3611111111111111 0.2962962962962963 0.2692307692307692 0.2962962962962963 0.20833333333333334 0.20833333333333334 0.2608695652173913 0.23809523809523808 0.2727272727272727 0.2916666666666667 0.2916666666666667 0.2857142857142857 
0.7647058823529411 0.8378378378378378 0.8421052631578947 0.8421052631578947 0.9310344827586207 0.9310344827586207 0.7894736842105263 0.7142857142857143 0.6428571428571429 0.6428571428571429 0.6428571428571429 0.6153846153846154 0.875 0.875 
0.4 0.6666666666666666 0.6666666666666666 0.6666666666666666 0.5714285714285714 0.5714285714285714 0.6 0.5555555555555556 0.5 0.75 0.75 0.625 0.625 0 
0.4666666666666667 1.0 1.0 1.0 0.6666666666666666 0.6666666666666666 0.6666666666666666 0.6666666666666666 0.4 0.4 0.4 0.6666666666666666 0.6666666666666666 0.4 
0.45 0.5454545454545454 0.5454545454545454 0.6 0.6 0.7 0.7 0.7 0.7 0.6 0.6 0.6 0.6 0.6 
0.46153846153846156 0.0 0.0 0.0 0.0 0.0 0.0 0.0 0.0 0.0 0.0 0.0 0.0 0.0 
0.5 0.5 0.5 1.0 1.0 1.0 1.0 1.0 1.0 1.0 1.0 1.0 1.0 1.0 
0.4375 0.5 0.3333333333333333 0.5 0.5 0.5 0.5 0.5 0.3333333333333333 0.3333333333333333 0.6 0.6 0.6 0.6 
0.6153846153846154 0.8333333333333334 0.7931034482758621 0.8214285714285714 0.8518518518518519 0.8214285714285714 0.8214285714285714 0.8214285714285714 0.8214285714285714 0.8214285714285714 0.8214285714285714 0.8214285714285714 0.8214285714285714 0.7586206896551724 
0.45 0.6666666666666666 0.625 0.5789473684210527 0.5789473684210527 0.5882352941176471 0.5625 0.5555555555555556 0.5 0.5625 0.6363636363636364 0.5789473684210527 0.5416666666666666 0.4444444444444444 
0.46153846153846156 0.4166666666666667 0.36363636363636365 0.3 0.3 0.2222222222222222 0.25 0.25 0.375 0.0 0.0 0.0 0.0 0.0 
0.43333333333333335 0.6666666666666666 0.6666666666666666 0.6666666666666666 0.7142857142857143 0.75 0.75 0.75 0.75 0.7142857142857143 0.75 0.7142857142857143 0.75 0.7777777777777778 
0.45 0.6666666666666666 0.625 0.625 0.5882352941176471 0.5882352941176471 0.5882352941176471 0.5882352941176471 0.625 0.5555555555555556 0.5555555555555556 0.5263157894736842 0.5263157894736842 0.5263157894736842 
0.4 0.5454545454545454 0.5454545454545454 0.5454545454545454 0.5384615384615384 0.5833333333333334 0.5333333333333333 0.5333333333333333 0.5714285714285714 0.6666666666666666 0.6428571428571429 0.6875 0.6 0.5625 
0.5263157894736842 0.0 0.0 0.0 0.0 0.0 0.0 0.0 0.0 0.0 0.0 0.0 0.0 0.0 
0.45 0.6 0.6 0.6 0.6428571428571429 0.6428571428571429 0.6428571428571429 0.5 0.5294117647058824 0.65 0.6470588235294118 0.5714285714285714 0.65 0.631578947368421 
0 0 0 0 0 0.0 0.0 0.0 0 0.0 0.0 0.0 0.0 0.0 
0.7916666666666666 0.8108108108108109 0.7352941176470589 0.7575757575757576 0.7948717948717948 0.7941176470588235 0.8648648648648649 0.8648648648648649 0.868421052631579 0.868421052631579 0.8611111111111112 0.8648648648648649 0.868421052631579 0.868421052631579 
0.4666666666666667 0.6363636363636364 0.6363636363636364 0.6363636363636364 0.6086956521739131 0.6086956521739131 0.6086956521739131 0.6086956521739131 0.6086956521739131 0.6086956521739131 0.6086956521739131 0.6086956521739131 0.6086956521739131 0.6086956521739131 
0.4375 0.6363636363636364 0.6363636363636364 0.6363636363636364 0.5833333333333334 0.5833333333333334 0.6086956521739131 0.6086956521739131 0.5833333333333334 0.5833333333333334 0.5833333333333334 0.5833333333333334 0.5833333333333334 0.5833333333333334 
0.5 0.3333333333333333 0.3333333333333333 0.2 0.42857142857142855 0.42857142857142855 0.42857142857142855 0.4444444444444444 0.4 0.5 0.5555555555555556 0.5555555555555556 0.5555555555555556 0.5555555555555556 
0.45 0.6923076923076923 0.5 0.5 0.5 0.5 0.5 0.5 0.5 0.5 0.5 0.5 0.5 0.5 
0.5 0.3333333333333333 0.5 0.5 0.55 0.5 0.5 0.5 0.0 0.0 0.0 0.3333333333333333 0.0 0.0 
0.7916666666666666 0.8157894736842105 0.8157894736842105 0.7878787878787878 0.7878787878787878 0.7741935483870968 0.78125 0.7575757575757576 0.7741935483870968 0.7741935483870968 0.7741935483870968 0.7666666666666667 0.8235294117647058 0.8181818181818182 
0.5 0.3333333333333333 0.3333333333333333 0.6666666666666666 0.6666666666666666 0.6666666666666666 0.6666666666666666 0.6666666666666666 0.5 0.5 0.5 0.5 0.5 0.5 
0.42105263157894735 0.6923076923076923 0.6666666666666666 0.6666666666666666 0.625 0.625 0.5882352941176471 0.6111111111111112 0.6875 0.6875 0.7692307692307693 0.7692307692307693 0.75 0.7333333333333333 
0.45 0.625 0.4166666666666667 0.4166666666666667 0.625 0.625 0.625 0.625 0.5555555555555556 0.5 0.6 0.6 0.6 0.6 
0.4375 0.5652173913043478 0.5652173913043478 0.5909090909090909 0.5909090909090909 0.5833333333333334 0.5833333333333334 0.625 0.5833333333333334 0.6 0.5833333333333334 0.5833333333333334 0.5833333333333334 0.5833333333333334 
0.9074074074074074 0.9814814814814815 0.98 0.9807692307692307 0.9245283018867925 0.9285714285714286 0.9259259259259259 0.9259259259259259 0.9661016949152542 0.9827586206896551 0.9655172413793104 0.9649122807017544 0.9444444444444444 0.9423076923076923 
0.45 0.6875 0.4666666666666667 0.46875 0.5 0.46875 0.46875 0.5 0.5 0.48148148148148145 0.5384615384615384 0.52 0.48 0.5 
0.5675675675675675 0.5555555555555556 0.7446808510638298 0.7551020408163265 0.75 0.7674418604651163 0.7619047619047619 0.7428571428571429 0.7567567567567568 0.7647058823529411 0.7714285714285715 0.7837837837837838 0.8108108108108109 0.8 
0.4375 0.7333333333333333 0.7857142857142857 0.7692307692307693 0.5263157894736842 0.5263157894736842 0.5263157894736842 0.5263157894736842 0.5263157894736842 0.6666666666666666 0.625 0.6666666666666666 0.6666666666666666 0.6666666666666666 
0.43333333333333335 0.6551724137931034 0.6521739130434783 0.55 0.6842105263157895 0.625 0.625 0.6 0.5882352941176471 0.5454545454545454 0.6666666666666666 0.6666666666666666 0.6428571428571429 0.6666666666666666 
0.4 0.5454545454545454 0.5454545454545454 0.5833333333333334 0.5833333333333334 0.6428571428571429 0.5384615384615384 0.5384615384615384 0.5833333333333334 0.6153846153846154 0.6428571428571429 0.6428571428571429 0.6428571428571429 0.6428571428571429 
0.7647058823529411 0.8846153846153846 0.8846153846153846 0.8846153846153846 0.88 0.92 0.8695652173913043 0.8846153846153846 0.8846153846153846 0.9 0.9047619047619048 0.9047619047619048 0.8636363636363636 0.8571428571428571 
0.625 0.8787878787878788 0.8823529411764706 0.8823529411764706 0.8857142857142857 0.8888888888888888 0.8888888888888888 0.8285714285714286 0.8 0.8108108108108109 0.8108108108108109 0.7714285714285715 0.8055555555555556 0.8378378378378378 
0.625 0.6086956521739131 0.6086956521739131 0.625 0.625 0.625 0.625 0.625 0.6521739130434783 0.625 0.625 0.625 0.625 0.625 
0.6153846153846154 0.8333333333333334 0.7666666666666667 0.7419354838709677 0.7419354838709677 0.7741935483870968 0.7741935483870968 0.7741935483870968 0.7741935483870968 0.7666666666666667 0.7586206896551724 0.7741935483870968 0.75 0.75 
0.5 1.0 1.0 1.0 1.0 1.0 1.0 1.0 1.0 1.0 1.0 1.0 1.0 1.0 
0.5 0.46153846153846156 0.5 0.5 0.5 0.5 0.5 0.5 0.5 0.5 0.5 0.5 0.5 0.5 
0.625 0.8461538461538461 0.9130434782608695 0.8666666666666667 0.8666666666666667 0.8809523809523809 0.8378378378378378 0.8378378378378378 0.8421052631578947 0.8108108108108109 0.8108108108108109 0.8611111111111112 0.8333333333333334 0.8611111111111112 
0.45 0.7142857142857143 0.6666666666666666 0.6666666666666666 0.75 0.75 0.8571428571428571 0.5294117647058824 0.6666666666666666 0.6666666666666666 0.6666666666666666 0.6666666666666666 0.6 0.625 
0.6153846153846154 0.8571428571428571 0.7692307692307693 0.8214285714285714 0.84375 0.84375 0.84375 0.84375 0.868421052631579 0.8780487804878049 0.8717948717948718 0.8780487804878049 0.875 0.875 
0.5 1.0 1.0 1.0 1.0 1.0 1.0 1.0 1.0 1.0 1.0 1.0 1.0 1.0 
0.45 0.6086956521739131 0.6086956521739131 0.6086956521739131 0.6086956521739131 0.6086956521739131 0.6086956521739131 0.6086956521739131 0.6086956521739131 0.6086956521739131 0.5833333333333334 0.5833333333333334 0.5652173913043478 0.5652173913043478 
0.4666666666666667 0.5 0.8333333333333334 0.8333333333333334 0.7142857142857143 0.7142857142857143 0.6666666666666666 0.6666666666666666 0.5714285714285714 0.5714285714285714 0.6666666666666666 0.6666666666666666 0.6666666666666666 0.6153846153846154 
0.55 0.5263157894736842 0.5263157894736842 0.5263157894736842 0.5263157894736842 0.5263157894736842 0.5263157894736842 0.5263157894736842 0.5263157894736842 0.5263157894736842 0.55 0.5 0.5 0.5 
0.55 0 0 1.0 0.5238095238095238 0.5238095238095238 0.5238095238095238 0.55 0.55 0.5238095238095238 0.6363636363636364 0.6363636363636364 0.5454545454545454 0.5238095238095238 
0.45 0.6 0.6 0.6666666666666666 0.5 1.0 0.5 0.6 0.6 0.6 0.6 0.6 0.6 0.6 
0.5263157894736842 0 0 0 0 0 0 0 0 0 0 0 0 0 
0.45 0.5454545454545454 0.5 0.5 0.45454545454545453 0.6 0.6666666666666666 0.5 1.0 1.0 1.0 0.75 0.75 0.75 
0.46153846153846156 0.0 0.0 0.0 0.0 0.0 0.0 0.0 0.0 0.0 0.0 0.3333333333333333 0.3333333333333333 0.3333333333333333 
0.5 1.0 1.0 1.0 1.0 1.0 1.0 1.0 1.0 1.0 1.0 1.0 0.8333333333333334 0.8333333333333334 
0.4375 0.0 0.5 0.3333333333333333 0.0 0.5384615384615384 0.5833333333333334 0.5454545454545454 0.5454545454545454 0.5384615384615384 0.5555555555555556 0.5769230769230769 0.5357142857142857 0.5357142857142857 
0.47058823529411764 0.8333333333333334 0.7142857142857143 0.7857142857142857 0.8333333333333334 0.7142857142857143 0.8181818181818182 0.8888888888888888 0.875 0.875 0.875 1.0 1.0 1.0 
0.1111111111111111 0.5 1.0 1.0 0.4 0.4 0.6 0.5 0.6 0.6 0.5 0.5454545454545454 0.5 0.6111111111111112 
0.6153846153846154 0.8285714285714286 0.7741935483870968 0.78125 0.8 0.8 0.8 0.7931034482758621 0.7931034482758621 0.7931034482758621 0.7931034482758621 0.7931034482758621 0.7931034482758621 0.7391304347826086 
0.45 0.6086956521739131 0.6086956521739131 0.5833333333333334 0.5833333333333334 0.5833333333333334 0.5833333333333334 0.5769230769230769 0.5769230769230769 0.5769230769230769 0.5769230769230769 0.5769230769230769 0.5769230769230769 0.5769230769230769 
0.6 0.7692307692307693 0.7407407407407407 0.7241379310344828 0.7857142857142857 0.72 0.7142857142857143 0.75 0.7272727272727273 0.7272727272727273 0.7142857142857143 0.75 0.75 0.7692307692307693 
0.1111111111111111 0.5 0.5 0.5238095238095238 0.6 0.6 0.6190476190476191 0.6190476190476191 0.6190476190476191 0.6190476190476191 0.6190476190476191 0.6190476190476191 0.6190476190476191 0.65 
0.6666666666666666 1.0 0 1.0 1.0 1.0 1.0 1.0 1.0 1.0 1.0 1.0 1.0 1.0 
0.4375 0.8 0.8 0.7142857142857143 0.7142857142857143 0.625 0.6 0.5 0.3333333333333333 0.3333333333333333 0.6666666666666666 0.7 0.7 0.75 
0.46153846153846156 0.6363636363636364 0.6086956521739131 0.6086956521739131 0.6086956521739131 0.6086956521739131 0.6086956521739131 0.6086956521739131 0.6086956521739131 0.6086956521739131 0.5833333333333334 0.5833333333333334 0.5833333333333334 0.5833333333333334 
0.7647058823529411 0.7777777777777778 0.7586206896551724 0.7857142857142857 0.7777777777777778 0.84375 0.84375 0.8387096774193549 0.9259259259259259 0.9259259259259259 0.9354838709677419 0.9393939393939394 0.9375 0.9375 
0.45 0.5172413793103449 0.46153846153846156 0.46153846153846156 0.46153846153846156 0.5384615384615384 0.5384615384615384 0.5161290322580645 0.35 0.35294117647058826 0.36363636363636365 0.36666666666666664 0.34375 0.3333333333333333 
0.45 0.5454545454545454 0.5454545454545454 0.391304347826087 0.4230769230769231 0.5454545454545454 0.6666666666666666 0.6666666666666666 0.42857142857142855 0.5 0.5416666666666666 0.5652173913043478 0.5714285714285714 0.5789473684210527 
0.4375 1.0 1.0 1.0 0.7 0.7 1.0 1.0 1.0 1.0 1.0 1.0 1.0 1.0 
0.5 0.2 0.16666666666666666 0.3333333333333333 0.5 0.5 0.5 0.5 0.5 0.5 0.5 0.5 0.5 0.5 
0.46153846153846156 0.47368421052631576 0.47368421052631576 0.47368421052631576 0.47368421052631576 0.47368421052631576 0.47368421052631576 0.47368421052631576 0.47368421052631576 0.47368421052631576 0.47368421052631576 0.47368421052631576 0.47368421052631576 0.47368421052631576 
0.5 0 1.0 0 0 0 0 0 0 0 0 0 0 0 
0.55 0 0 0 0 0 0 0 1.0 1.0 1.0 1.0 0 0 
0.6666666666666666 0.6 0.625 0.7 0.7142857142857143 0.6666666666666666 0.6666666666666666 0.6666666666666666 0.7 0.7272727272727273 0.7272727272727273 0.7272727272727273 0.7 0.7272727272727273 
0.5 0.5 0.5263157894736842 0.4444444444444444 0.4 0.4 0.4 0.4 0.4 0.4 0.46153846153846156 0.46153846153846156 0.5 0.5 
1.0 0 0 0 0 1.0 1.0 1.0 1.0 1.0 1.0 1.0 1.0 1.0 
0.5 0.75 0.8 0.8 0.8 0.8 0.8 0.75 0.75 0.75 0.7 0.7 0.7 0.631578947368421 
0.45 0.6666666666666666 0.6363636363636364 0.6363636363636364 0.5263157894736842 0.5555555555555556 0.5 0.5217391304347826 0.5 0.4782608695652174 0.5555555555555556 0.5555555555555556 0.6 0.625 
0.47058823529411764 0.7692307692307693 0.65 0.631578947368421 0.6666666666666666 0.6666666666666666 0.7 0.7 0.6818181818181818 0.6818181818181818 0.6956521739130435 0.6666666666666666 0.6363636363636364 0.6363636363636364 
0.46153846153846156 0.0 0.5 0.0 0.0 0.0 0.0 0.0 0.0 0.0 0.0 0.0 0.0 0.0 
0.4375 0.6363636363636364 0.6363636363636364 0.6363636363636364 0.6363636363636364 0.6363636363636364 0.6363636363636364 0.6190476190476191 0.6190476190476191 0.6190476190476191 0.6190476190476191 0.6190476190476191 0.6190476190476191 0.6190476190476191 
0.6153846153846154 0.8285714285714286 0.7741935483870968 0.78125 0.7741935483870968 0.7666666666666667 0.7666666666666667 0.8214285714285714 0.8214285714285714 0.8214285714285714 0.8214285714285714 0.7857142857142857 0.75 0.7857142857142857 
0.5 0.75 0 0 0 0 1.0 1.0 1.0 1.0 1.0 1.0 1.0 1.0 
0.46153846153846156 0.47058823529411764 0.5714285714285714 0.5714285714285714 0.43478260869565216 0.391304347826087 0.4117647058823529 0.875 0.875 0.7777777777777778 0.875 0.875 0.875 0.875 
0.46153846153846156 0 0 0 0 0 0 0 0 0 0 0 0 0 
0.6666666666666666 0 1.0 1.0 1.0 1.0 1.0 1.0 1.0 1.0 1.0 1.0 1.0 1.0 
0.6153846153846154 0.6875 0.8 0.6666666666666666 0.7333333333333333 1.0 1.0 0.8571428571428571 0.8571428571428571 0.8571428571428571 0.8571428571428571 0.8571428571428571 0.8571428571428571 0.8571428571428571 
0.6666666666666666 0.6666666666666666 0.5454545454545454 0.6 0.6666666666666666 0.6666666666666666 0.6666666666666666 1.0 1.0 1.0 1.0 1.0 1.0 0.6666666666666666 
0.625 0.8571428571428571 1.0 1.0 1.0 1.0 1.0 1.0 1.0 1.0 0.75 1.0 1.0 1.0 
0.4375 0.7 0.7272727272727273 0.7272727272727273 0.7692307692307693 0.7692307692307693 0.6666666666666666 0.6666666666666666 0.6111111111111112 0.6842105263157895 0.6842105263157895 0.6842105263157895 0.6842105263157895 0.7368421052631579 
0.3333333333333333 0.5909090909090909 0.5454545454545454 0.5217391304347826 0.5217391304347826 0.56 0.5217391304347826 0.6190476190476191 0.6428571428571429 0.8 0.8571428571428571 0.9 0.8888888888888888 0.875 
0.625 0.7931034482758621 0.7777777777777778 0.7777777777777778 0.7777777777777778 0.7777777777777778 0.8275862068965517 0.8275862068965517 0.8275862068965517 0.8275862068965517 0.8064516129032258 0.8 0.8 0.7931034482758621 
0.6153846153846154 0.76 0.6875 0.6666666666666666 0.6666666666666666 0.7586206896551724 0.75 0.75 0.72 0.72 0.72 0.6956521739130435 0.6956521739130435 0.6818181818181818 
0.4 0.5 0.42105263157894735 0.42105263157894735 0.4444444444444444 0.47058823529411764 0.6 0.6 0.6 0.5555555555555556 0.5555555555555556 0.5555555555555556 0.5555555555555556 0.6 
0.46153846153846156 0.5 0.47368421052631576 0.47368421052631576 0.47368421052631576 0.47368421052631576 0.47368421052631576 0.47368421052631576 0.47368421052631576 0.47368421052631576 0.47368421052631576 0.47368421052631576 0.47368421052631576 0.47368421052631576 
0.4666666666666667 1.0 0.6666666666666666 0.7142857142857143 0.5 0.5 1.0 1.0 0.5 0.5 0.5 0.5 0.5 0.5 
0.46153846153846156 0.0 0.0 0.0 0.0 0.0 0.0 0.0 0.0 0.0 0.0 0.0 0.0 0.0 
0.45 0.6 0.6666666666666666 0.75 0.6666666666666666 1.0 1.0 1.0 1.0 1.0 1.0 1.0 1.0 1.0 
0.35714285714285715 0.7857142857142857 0.625 0.6842105263157895 0.7333333333333333 0.6666666666666666 0.6666666666666666 0.6666666666666666 0.65 0.7333333333333333 0.8 0.8125 0.7857142857142857 0.7857142857142857 
0.6153846153846154 0.7777777777777778 0.8461538461538461 0.8461538461538461 0.8076923076923077 0.8275862068965517 0.8333333333333334 0.8333333333333334 0.8235294117647058 0.8181818181818182 0.8125 0.8125 0.8214285714285714 0.8461538461538461 
0.55 0.0 0 0 0 0 0 0 0 0 0 0 0 0 
0.6176470588235294 0.5652173913043478 0.65 0.65 0.65 0.65 0.65 0.8666666666666667 0.7368421052631579 0.7368421052631579 0.7368421052631579 0.7647058823529411 0.7272727272727273 0.8571428571428571 
0.5 0.5 0.5 0.55 0.55 0.5263157894736842 0.5263157894736842 0.5263157894736842 0.5263157894736842 0.5263157894736842 0.55 0.5263157894736842 0.5238095238095238 0.5238095238095238 
0.45 0.5 0.5 0.375 0.5 0.5 0.5454545454545454 0.5714285714285714 0.5454545454545454 0.6 0.4166666666666667 0.38461538461538464 0.4666666666666667 0.4666666666666667 
0.5 0.5 0.55 0.55 0.55 0.55 0.5454545454545454 0.5238095238095238 0.5454545454545454 0.5833333333333334 0.5833333333333334 0.5833333333333334 0.5833333333333334 0.5833333333333334 
0.5 0.5 0.5 0.6956521739130435 0.7272727272727273 0.7142857142857143 0.7142857142857143 0.7142857142857143 0.7142857142857143 0.6470588235294118 0.7368421052631579 0.7916666666666666 0.7916666666666666 0.65 
0.45 0.5 0.5333333333333333 0.5 0.5294117647058824 0.4827586206896552 0.56 0.56 0.5185185185185185 0.5 0.5652173913043478 0.5555555555555556 0.5555555555555556 0.5555555555555556 
0.4375 0.5833333333333334 0.6428571428571429 0.8333333333333334 0.8333333333333334 0.875 0.875 0.875 0.8888888888888888 0.8181818181818182 0.8181818181818182 0.8181818181818182 0.8181818181818182 0.8461538461538461 
0.5263157894736842 0.5 0.5 0.5263157894736842 0.5263157894736842 0.5238095238095238 0.5769230769230769 0.5833333333333334 0.5833333333333334 0.5833333333333334 0.5652173913043478 0.5652173913043478 0.6 0.6 
0.45 0.6086956521739131 0.6086956521739131 0.6086956521739131 0.6363636363636364 0.5483870967741935 0.6 0.6086956521739131 0.5833333333333334 0.5384615384615384 0.56 0.5 0.5 0.5 
0.42857142857142855 1.0 0 0 0 0 0 0 0 1.0 1.0 1.0 1.0 1.0 
0.7647058823529411 0.75 0.7333333333333333 0.7586206896551724 0.75 0.7666666666666667 0.7777777777777778 0.7931034482758621 0.8064516129032258 0.8125 0.8125 0.8571428571428571 0.7878787878787878 0.8205128205128205 
0.5 0 0 0 0 0 0 0 0 0 0 1.0 1.0 0 
0.5 0 1.0 1.0 0 0 0 0 0 0 0 0 0 0 
0.6153846153846154 0.7777777777777778 0.7142857142857143 0.7142857142857143 0.6818181818181818 0.75 0.8235294117647058 0.8235294117647058 0.6764705882352942 0.6764705882352942 0.6764705882352942 0.7352941176470589 0.7352941176470589 0.7037037037037037 
0.5 0 0 0 0.5833333333333334 0.5 0.5 0.5 0.5217391304347826 0.5217391304347826 0.5833333333333334 0.5454545454545454 0.5416666666666666 0.5384615384615384 
0.5 0.5 0.5 0.47368421052631576 0.47368421052631576 0.5 0.47368421052631576 0.47368421052631576 0.47368421052631576 0.5 0.5 0.5 0.47368421052631576 0.5 
0.4375 0.6666666666666666 0.47368421052631576 0.6153846153846154 0.5833333333333334 0.5833333333333334 0.6 0.6363636363636364 0.5263157894736842 0.45454545454545453 0.5 0.5 0.5333333333333333 0.5 
0.625 0.6666666666666666 0 0 0 0 0 0 0 0 0 0 0 0 
0.4 0.6086956521739131 0.6086956521739131 0.6363636363636364 0.65 0.6 0.6 0.5789473684210527 0.5789473684210527 0.5555555555555556 0.625 0.64 0.6538461538461539 0.6538461538461539 
0.1111111111111111 1.0 1.0 0.3333333333333333 0 0 0 0 0.5 0.6 0.6 0.6470588235294118 0.7 0.7 
0.4 0.0 0.5 0.5 0.5 0.6666666666666666 0.5384615384615384 0.5384615384615384 0.5833333333333334 0.6153846153846154 0.5714285714285714 0.5714285714285714 0.5714285714285714 0.5789473684210527 
0.5 0.0 0.5 0.5 0.5 0.42857142857142855 0.46153846153846156 0.5 0.5 0.0 0.0 0.0 0.0 0.0 
0.6153846153846154 0.7777777777777778 0.7857142857142857 0.78125 0.78125 0.78125 0.7941176470588235 0.78125 0.7666666666666667 0.7391304347826086 0.7307692307692307 0.7307692307692307 0.7307692307692307 0.6956521739130435 
0.2 0 0 0 0 0 0 0 0 0 0 0 0 0 
0.4375 0.6086956521739131 0.6363636363636364 0.6363636363636364 0.6190476190476191 0.6190476190476191 0.5909090909090909 0.5714285714285714 0.5454545454545454 0.5416666666666666 0.5416666666666666 0.55 0.5789473684210527 0.6 
0.46153846153846156 0.5 0.5714285714285714 0.5714285714285714 0.5714285714285714 0.7083333333333334 0.6956521739130435 0.6956521739130435 0.7272727272727273 0.7272727272727273 0.65 0.65 0.65 0.6956521739130435 
0.4666666666666667 0.6086956521739131 0.6363636363636364 0.6086956521739131 0.6363636363636364 0.631578947368421 0.6190476190476191 0.6190476190476191 0.6190476190476191 0.65 0.65 0.6666666666666666 0.6190476190476191 0.5909090909090909 
0.4666666666666667 1.0 0.5882352941176471 0.5789473684210527 0.625 0.5652173913043478 0.5833333333333334 0.5416666666666666 0.45454545454545453 0.47368421052631576 0.5 0.47368421052631576 0.47058823529411764 0.4 
0.6153846153846154 0.8285714285714286 0.696969696969697 0.75 0.75 0.7777777777777778 0.7714285714285715 0.7714285714285715 0.7857142857142857 0.8095238095238095 0.8095238095238095 0.8181818181818182 0.7948717948717948 0.7948717948717948 
1.0 1.0 0.7272727272727273 0.7142857142857143 0.7142857142857143 0.8214285714285714 0.8275862068965517 0.8275862068965517 0.8387096774193549 0.8387096774193549 0.8571428571428571 0.9166666666666666 0.9166666666666666 0.8 
0.42857142857142855 0 1.0 1.0 1.0 1.0 1.0 1.0 0 0 0 0 0 0 
0.5 0.0 0.0 0.0 0.0 0.0 0 0 0 0 0 0 0 0 
0.9333333333333333 0.6190476190476191 0.5625 0.5625 0.5625 0.5625 0.7307692307692307 0.7307692307692307 0.7307692307692307 0.896551724137931 0.8928571428571429 0.8695652173913043 0.9 0.8333333333333334 
0.6153846153846154 0.8285714285714286 0.8611111111111112 0.8846153846153846 0.78125 0.7857142857142857 0.8461538461538461 0.8333333333333334 0.8076923076923077 0.7333333333333333 0.75 0.7931034482758621 0.8064516129032258 0.8387096774193549 
0.5909090909090909 0.625 0.6666666666666666 0.75 0.7777777777777778 0.7777777777777778 0.5238095238095238 0.6666666666666666 0.6842105263157895 0.8461538461538461 0.9285714285714286 0.75 0.75 0.75 
0.5263157894736842 0.5263157894736842 0.5263157894736842 0.5 0.5652173913043478 0.5416666666666666 0.5416666666666666 0.5217391304347826 0.5217391304347826 0.5217391304347826 0.5217391304347826 0.6153846153846154 0.6296296296296297 0.6153846153846154 
0.25925925925925924 1.0 1.0 1.0 1.0 1.0 1.0 1.0 1.0 1.0 0.6666666666666666 0.6666666666666666 0.6666666666666666 0.5 
0.5263157894736842 0 0 0 0 0 0.0 0.0 0 0 0 0 0 0 
0.6363636363636364 0 0 0 0 0 0 0 0 0 0 0 0 0 
0.6666666666666666 1.0 1.0 1.0 0.6 0.6 0.4444444444444444 0.5 0.375 0.375 0.375 0.4444444444444444 0.625 0.5555555555555556 
0.45 1.0 1.0 0.5555555555555556 0.4375 0.35 0.4090909090909091 0.5 0.47619047619047616 0.5238095238095238 0.5 0.5 0.4444444444444444 0.38095238095238093 
1.0 0 0 0 0 0 0 0 0 0 0 0 0 0 
0.47368421052631576 0.6666666666666666 1.0 1.0 1.0 1.0 1.0 1.0 1.0 1.0 1.0 1.0 1.0 1.0 
0.5238095238095238 0.6363636363636364 0.75 0.6666666666666666 0.6 0.6 0.5 0.5 0.5 0.5 0.5 0.5 0.5 0.5 
0.6363636363636364 1.0 1.0 0 0 0.4444444444444444 0.4444444444444444 0.4444444444444444 0.5 0.5 0.5 0.5 1.0 1.0 
0.6666666666666666 0 0 0.6666666666666666 0.6666666666666666 0.5 0.5 0.5 0.5 0.5 0.5 0.5 0.5 0.5 
0.5 1.0 1.0 1.0 1.0 0.0 0.0 0 0 0 0 0 0 0 
0.5909090909090909 0.7692307692307693 0.7142857142857143 0.6428571428571429 0.5454545454545454 0.7142857142857143 0.7142857142857143 0.6666666666666666 0.4 0.36363636363636365 0.4166666666666667 0.5 0.5555555555555556 0.5555555555555556 
0.45 0.6086956521739131 0.6363636363636364 0.5789473684210527 0.5454545454545454 0.5909090909090909 0.5909090909090909 0.5454545454545454 0.5454545454545454 0.5714285714285714 0.6 0.6666666666666666 0.65 0.65 
0.6666666666666666 0.7142857142857143 0.6666666666666666 0 0.3 0.5 0.5 0.4444444444444444 0.4444444444444444 0.4666666666666667 0.4666666666666667 0.46153846153846156 0.5384615384615384 0.5 
0.45 0.6086956521739131 0.6086956521739131 0.5555555555555556 0.5555555555555556 0.5862068965517241 0.5862068965517241 0.5862068965517241 0.6 0.6 0.5714285714285714 0.5172413793103449 0.5714285714285714 0.5714285714285714 
0.45 1.0 0.5172413793103449 0.5483870967741935 0.4375 0.39473684210526316 0.37037037037037035 0.41379310344827586 0.4444444444444444 0.375 0.47058823529411764 0.47058823529411764 0.47058823529411764 0.45714285714285713 
0.6153846153846154 0.7692307692307693 0.8157894736842105 0.8 0.84375 0.8387096774193549 0.8387096774193549 0.8387096774193549 0.8378378378378378 0.8717948717948718 0.8157894736842105 0.8421052631578947 0.8 0.7777777777777778 
0.45454545454545453 0.0 1.0 1.0 0 1.0 1.0 1.0 0.6666666666666666 0.6666666666666666 0.75 0.75 0.7142857142857143 0.7142857142857143 
0.8571428571428571 0.5909090909090909 0.6111111111111112 0.9523809523809523 0.8947368421052632 0.9333333333333333 0.9655172413793104 1.0 1.0 1.0 1.0 1.0 1.0 0.92 
0.45 0.0 0.5 0.5238095238095238 0.47368421052631576 0.4444444444444444 0.4444444444444444 0.4 0.4 0.4666666666666667 0.5 0.5625 0.5625 0.5625 
0.6153846153846154 0.5238095238095238 0.84 0.7391304347826086 0.8846153846153846 0.8571428571428571 0.8571428571428571 0.8571428571428571 0.8214285714285714 0.8275862068965517 0.75 0.7391304347826086 0.75 0.8518518518518519 
0.5675675675675675 0.9444444444444444 0.68 0.7714285714285715 0.7714285714285715 0.8157894736842105 0.8205128205128205 0.8108108108108109 0.8108108108108109 0.7837837837837838 0.7837837837837838 0.7894736842105263 0.7631578947368421 0.7631578947368421 
0.42857142857142855 1.0 1.0 0.0 0 0 0 0 0 0 1.0 1.0 1.0 1.0 
0.6153846153846154 0.7692307692307693 0.8064516129032258 0.8275862068965517 0.8076923076923077 0.7333333333333333 0.7857142857142857 0.75 0.7619047619047619 0.7727272727272727 0.7083333333333334 0.6666666666666666 0.6666666666666666 0.6842105263157895 
1.0 0 0 0 0 0.85 0.8260869565217391 0.8181818181818182 0.8181818181818182 0.7142857142857143 1.0 1.0 1.0 1.0 
0 1.0 1.0 1.0 1.0 1.0 1.0 1.0 1.0 1.0 1.0 1.0 1.0 1.0 
0.5294117647058824 0.5625 0.4 0.2702702702702703 0.2702702702702703 0.4 0.3617021276595745 0.35714285714285715 0.40476190476190477 0.42424242424242425 0.4411764705882353 0.48484848484848486 0.6 0.6 
0.45 1.0 0.6363636363636364 0.6363636363636364 0.65 0.65 0.65 0.65 0.6363636363636364 0.6 0.6 0.6086956521739131 0.5909090909090909 0.5909090909090909 
0.4375 0.6086956521739131 0.6086956521739131 0.4782608695652174 0.5833333333333334 0.5833333333333334 0.38461538461538464 0.42424242424242425 0.43243243243243246 0.4473684210526316 0.47058823529411764 0.47058823529411764 0.47058823529411764 0.5 
0.42857142857142855 1.0 1.0 1.0 1.0 1.0 1.0 1.0 1.0 1.0 1.0 1.0 1.0 1.0 
0.6666666666666666 1.0 1.0 1.0 0 0 1.0 1.0 0 0 0 0 0.75 0.75 
0.4666666666666667 0.6363636363636364 0.6363636363636364 0.6086956521739131 0.6190476190476191 0.6190476190476191 0.6 0.6 0.5909090909090909 0.47368421052631576 0.5 0.5238095238095238 0.5238095238095238 0.6190476190476191 
0.625 0.7692307692307693 0.7666666666666667 0.7586206896551724 0.7941176470588235 0.8461538461538461 0.8 1.0 1.0 0.75 0.8333333333333334 0.8 0.9166666666666666 0.8888888888888888 
0.6666666666666666 0 1.0 1.0 1.0 1.0 1.0 1.0 1.0 1.0 1.0 1.0 1.0 1.0 
0.5 0 0.5 0.5909090909090909 0.5909090909090909 0.4444444444444444 0.4444444444444444 0.5333333333333333 0.6 0.5833333333333334 0.5555555555555556 0.55 0.5263157894736842 0.5263157894736842 
0.5 0.5 0.5263157894736842 0.5238095238095238 0.5238095238095238 0.5238095238095238 0.5238095238095238 0.5238095238095238 0.55 0.55 0.5625 0.5625 0.5625 0.5625 
0.5294117647058824 1.0 1.0 1.0 1.0 1.0 1.0 0 0 0 0 0 0 0 
0.4375 0.5833333333333334 0.3684210526315789 0.3783783783783784 0.375 0.36585365853658536 0.3333333333333333 0.3548387096774194 0.391304347826087 0.375 0.4642857142857143 0.4642857142857143 0.4117647058823529 0.41379310344827586 
0.46153846153846156 0.6363636363636364 0.6521739130434783 0.6666666666666666 0.65 0.5652173913043478 0.5652173913043478 0.5652173913043478 0.6363636363636364 0.5909090909090909 0.6086956521739131 0.6086956521739131 0.625 0.625 
0.6153846153846154 0.7692307692307693 0.7692307692307693 0.8214285714285714 0.7857142857142857 0.76 0.75 0.6666666666666666 0.0 0.5714285714285714 0.5714285714285714 0.5714285714285714 0.5714285714285714 0.6666666666666666 
0.45 0.6086956521739131 0.55 0.5789473684210527 0.5714285714285714 0.6153846153846154 0.6153846153846154 0.5925925925925926 0.5925925925925926 0.6296296296296297 0.625 0.625 0.625 0.5833333333333334 
0.46153846153846156 0.5833333333333334 0.6 0.5714285714285714 0.5185185185185185 0.5185185185185185 0.4583333333333333 0.6 0.75 0.75 0.75 0.75 0.75 0.75 
0.5 0 0.42857142857142855 0.4 0.4444444444444444 0.4444444444444444 0.5 0.5 0.5 0.5 0.5 0.4 0.4 0.4 
0.7916666666666666 0.6666666666666666 0.8333333333333334 0.875 0.875 0.8571428571428571 0.6 0.8571428571428571 0.8571428571428571 0.8571428571428571 0.8333333333333334 0.8571428571428571 0.8333333333333334 0.8333333333333334 
0.47058823529411764 0.6 0.35714285714285715 0.5555555555555556 0.5789473684210527 0.5555555555555556 0.5294117647058824 0.625 0.47368421052631576 0.5789473684210527 0.5789473684210527 0.5789473684210527 0.6 0.6 
1.0 0 0 0 0 0 0 0 0 0 0 0 0 0 
0 0 0 0 0 0 0 0 0 0 0 0 0 0 
0.45 0.6086956521739131 0.6086956521739131 0.5909090909090909 0.5714285714285714 0.5909090909090909 0.5833333333333334 0.5833333333333334 0.5909090909090909 0.5714285714285714 0.5714285714285714 0.6190476190476191 0.6190476190476191 0.6190476190476191 
0.45 0.6 0.7272727272727273 0.6521739130434783 0.6521739130434783 0.3125 0.5 0.46153846153846156 0.55 0.5625 0.5333333333333333 0.5333333333333333 0.6190476190476191 0.625 
0.55 1.0 1.0 1.0 1.0 0 0 0 0 0 0 0 0 0 
0.6153846153846154 0.5238095238095238 0.7804878048780488 0.8 0.7692307692307693 0.7692307692307693 0.7631578947368421 0.7631578947368421 0.7837837837837838 0.7894736842105263 0.7894736842105263 0.7948717948717948 0.7894736842105263 0.7894736842105263 
0.4 1.3333333333333333 1.0 1.3333333333333333 1.3333333333333333 1.5 1.0 1.0 0.75 0.75 1.0 1.0 0.6666666666666666 0.5 
0.5263157894736842 0 0.5 0.5 0.5263157894736842 0.4666666666666667 0.4666666666666667 0.4666666666666667 0.4666666666666667 0.46153846153846156 0.5454545454545454 0.46153846153846156 0.4166666666666667 0.25 
0.6153846153846154 0.7586206896551724 0.7142857142857143 0.68 0.7333333333333333 0.9 0.8 0.6923076923076923 0.6785714285714286 0.6785714285714286 0.6428571428571429 0.68 0.7037037037037037 0.7037037037037037 
0.5 0.8 0 0 0 0 0 0 0 0 0 0 0 0 
0.6153846153846154 0.7692307692307693 0.7692307692307693 0.7777777777777778 0.7333333333333333 0.7352941176470589 0.7352941176470589 0.7297297297297297 0.75 0.75 0.6944444444444444 0.6764705882352942 0.7804878048780488 0.75 
0.42857142857142855 0.6363636363636364 0.6363636363636364 0.6363636363636364 0.5454545454545454 0.5454545454545454 0.5454545454545454 0.5454545454545454 0.5652173913043478 0.5833333333333334 0.5652173913043478 0.5652173913043478 0.5652173913043478 0.5652173913043478 
0.4666666666666667 0.6363636363636364 0.6363636363636364 0.6363636363636364 0.6 0.6 0.5789473684210527 0.6666666666666666 0.6666666666666666 0.6086956521739131 0.6521739130434783 0.6363636363636364 0.6521739130434783 0.6521739130434783 
0.6153846153846154 0.7692307692307693 0.7692307692307693 0.8214285714285714 0.75 0.7916666666666666 0.7916666666666666 0.8636363636363636 0.8823529411764706 0.9 0.88 0.8571428571428571 0.84 0.8214285714285714 
0.55 0 1.0 0 0 0 0 0 0 0 0 0 0 0 
0.6153846153846154 0.75 0.6944444444444444 0.7142857142857143 0.8529411764705882 0.8529411764705882 0.8205128205128205 0.8205128205128205 0.8333333333333334 0.8333333333333334 0.8205128205128205 0.868421052631579 0.8181818181818182 0.8 
0.5 1.0 1.0 1.0 1.0 1.0 0 0 0 0 0 0 0 0 
0 0 0 0 0 0 0 0 0 0 0 0 0 0 
0.5263157894736842 0.5 0.47368421052631576 0.47368421052631576 0.47368421052631576 0.47368421052631576 0.4375 0.4 0.3076923076923077 0.45454545454545453 0.5 0.5 0.5 0.375 
0.5909090909090909 1.0 0.6 0.8 0.6666666666666666 1.0 1.0 0.7058823529411765 0.5 0.5 0.4 0.6666666666666666 0.6666666666666666 0.7142857142857143 
0.45 0.6363636363636364 0.6363636363636364 0.6818181818181818 0.6666666666666666 0.5833333333333334 0.7222222222222222 0.65 0.65 0.65 0.6190476190476191 0.6 0.6111111111111112 0.6190476190476191 
0.4 1.0 0 0.0 0.0 0.0 0.0 0.0 0.0 0.0 0 0 0 0.0 
0.5 0 0 0 0 0 0 0 0 0 0 0 0 0 
0.5 0 0 0 0 0 0 0 0 0 0 0 0 0 
0.43333333333333335 0.6071428571428571 0.7 0.6666666666666666 0.6666666666666666 0.6666666666666666 0.7 0.7 0.8333333333333334 0.7333333333333333 0.7333333333333333 0.7692307692307693 0.5454545454545454 0.5454545454545454 
0.45 0.8 1.0 0.5 0.7142857142857143 0.7142857142857143 0.7 0.5555555555555556 0.25 0.25 0.2 0.2 0.2 0.0 
0.5 0 0.0 0 0 0 0 0 0 0 0 0 0 0 
0.7647058823529411 0.7741935483870968 0.9047619047619048 0.875 0.7692307692307693 0.75 0.8709677419354839 1.0 0.8571428571428571 0.8571428571428571 0.875 0.875 0.8571428571428571 0.7777777777777778 
1.0 1.0 1.0 0 1.0 1.0 1.0 1.0 1.0 1.0 1.0 1.0 1.0 1.0 
0.5 0 0 0 0 0 0 0 0 0 1.0 0 0 0 
0.6666666666666666 0.3333333333333333 0.5454545454545454 0.6470588235294118 0.5714285714285714 0.8571428571428571 0.8333333333333334 0.6666666666666666 0.6666666666666666 0.6666666666666666 0.8 0.6666666666666666 0.6666666666666666 0.6666666666666666 
0.5 0.6363636363636364 0.6363636363636364 0.5 0.42857142857142855 0.6363636363636364 0.5294117647058824 0.6111111111111112 0.6153846153846154 0.6538461538461539 0.6538461538461539 0.6538461538461539 0.6538461538461539 0.625 
0.4 1.0 0 1.0 0 1.0 0 0.5 0.75 0.5 0.7142857142857143 0.5714285714285714 0.5238095238095238 0.6296296296296297 
0.45 0.6363636363636364 0.37142857142857144 0.5416666666666666 0.5416666666666666 0.5416666666666666 0.5 0.4444444444444444 0.4827586206896552 0.48484848484848486 0.46875 0.4375 0.4411764705882353 0.4722222222222222 
0.42857142857142855 1.0 1.0 1.0 1.0 1.0 1.0 1.0 1.0 0 0 1.0 0 0 
0.4 0 0.7142857142857143 0.7692307692307693 0.8 0.7142857142857143 0.6666666666666666 0.6666666666666666 0.7272727272727273 0.8181818181818182 0.8181818181818182 0.8181818181818182 0.8333333333333334 0.7692307692307693 
0.5263157894736842 0 0 0 0 0 0 0 0 0 0 0 0 0 
0.46153846153846156 1.0 0 0.0 0.0 0 0 0 0 0 0 0 0 0 
0.47368421052631576 0.6190476190476191 0.6111111111111112 0.7142857142857143 0.75 0.4838709677419355 0.44 0.4 0.36666666666666664 0.3793103448275862 0.5 0.5 0.47368421052631576 0.45454545454545453 
0.625 0.7777777777777778 0.7352941176470589 0.7741935483870968 0.8 0.8095238095238095 0.8947368421052632 0.8857142857142857 0.8823529411764706 0.8823529411764706 0.8888888888888888 0.825 0.8461538461538461 0.8571428571428571 
0.45 0.6363636363636364 0.6363636363636364 0.42424242424242425 0.3333333333333333 0.5151515151515151 0.6818181818181818 0.6818181818181818 0.7 0.48148148148148145 0.52 0.5384615384615384 0.47619047619047616 0.40540540540540543 
0.42857142857142855 0.6363636363636364 0.6 0.375 0.3793103448275862 0.48148148148148145 0.5909090909090909 0.6 0.5652173913043478 0.5384615384615384 0.5161290322580645 0.5 0.48484848484848486 0.5 
0.45 0.5 0.55 0.5263157894736842 0.5 0.5714285714285714 0.6153846153846154 0.6153846153846154 0.6923076923076923 0.6666666666666666 0.6666666666666666 0.6666666666666666 0.6666666666666666 0.6666666666666666 
0.46153846153846156 0.6363636363636364 0.6363636363636364 0.56 0.5833333333333334 0.5833333333333334 0.6086956521739131 0.6666666666666666 0.7058823529411765 0.6666666666666666 0.6666666666666666 0.6666666666666666 0.52 0.56 
0.5 0.5 0.55 0.5909090909090909 0.5909090909090909 0.47058823529411764 0.4375 0.4444444444444444 0.4444444444444444 0.4444444444444444 1.0 1.0 1.0 1.0 
0.42857142857142855 0.6363636363636364 0.6818181818181818 0.5 0.38461538461538464 0.5 0.5714285714285714 0.6363636363636364 0.6818181818181818 0.4642857142857143 0.4482758620689655 0.41935483870967744 0.4 0.3783783783783784 
0.625 0.7777777777777778 0.8181818181818182 0.8333333333333334 0.8275862068965517 0.8214285714285714 0.7777777777777778 0.8125 0.8461538461538461 0.8461538461538461 0.8235294117647058 0.8 0.8333333333333334 0.8333333333333334 
0.55 0.6 0 0 0.6666666666666666 1.0 1.0 0.0 0.0 0.0 0.0 0.3333333333333333 0.3333333333333333 0 
0.46153846153846156 0 0.65 0.6666666666666666 0.5714285714285714 0.5714285714285714 0.5294117647058824 0.5161290322580645 0.5714285714285714 0.5666666666666667 0.6071428571428571 0.6538461538461539 0.625 0.6060606060606061 
0.46153846153846156 0 0 1.0 0 0 0 0 0 0 0 0 0 0 
0.45 0.6363636363636364 0.631578947368421 0.631578947368421 0.6111111111111112 0.5185185185185185 0.43478260869565216 0.5416666666666666 0.5769230769230769 0.5925925925925926 0.5925925925925926 0.5925925925925926 0.5357142857142857 0.5185185185185185 
0.5454545454545454 0.5625 0.4666666666666667 0.2857142857142857 0.3333333333333333 0.3333333333333333 0.25 0.25 0.3333333333333333 0.3333333333333333 0.3333333333333333 0.42857142857142855 0.42857142857142855 0.5 
0.45 0.6 0.6 0.8 0.75 0.75 0.5 0.38461538461538464 0.41935483870967744 0.41935483870967744 0.45454545454545453 0.37037037037037035 0.37037037037037035 0.37037037037037035 
0.6 0.9565217391304348 0.9583333333333334 0.96 0.95 0.9565217391304348 0.9583333333333334 0.9090909090909091 0.85 0.9090909090909091 0.9 0.875 0.8571428571428571 0.8571428571428571 
0.625 0.7777777777777778 0.7777777777777778 0.8 0.8285714285714286 0.8181818181818182 0.8484848484848485 0.84375 0.8205128205128205 0.8421052631578947 0.8285714285714286 0.8285714285714286 0.8285714285714286 0.8275862068965517 
0.45 1.0 1.0 0 1.0 1.0 1.0 1.0 0.0 0.0 0.0 0.0 0.3333333333333333 0.3333333333333333 
0.6363636363636364 0 0.5 0.5 0.5294117647058824 0.4166666666666667 0.45454545454545453 0.4 0 0 0 0 0 0 
0 0 0 0 0 0 0 0 0 0 1.0 1.0 1.0 1.0 
0.4375 0.6363636363636364 0.6363636363636364 0.6363636363636364 0.56 0.56 0.5 0.4583333333333333 0.5416666666666666 0.5416666666666666 0.5384615384615384 0.5416666666666666 0.5416666666666666 0.5416666666666666 
0.6153846153846154 0.7777777777777778 0.7307692307692307 0.7407407407407407 0.7407407407407407 0.7741935483870968 0.7666666666666667 0.7586206896551724 0.7741935483870968 0.75 0.75 0.75 0.7241379310344828 0.6896551724137931 
0.46153846153846156 0.0 0.4444444444444444 0.4444444444444444 0.4444444444444444 0.0 0.0 0.0 0.0 0.0 0.4444444444444444 0.4444444444444444 0.4444444444444444 0.4444444444444444 
1.0 0 0 0 0 0 1.0 0 0 1.0 0.9090909090909091 0.8928571428571429 0.84 0.8333333333333334 
0.45 0.8 0.8 0.8 0.8888888888888888 0.9 0.6666666666666666 0.6666666666666666 0.7272727272727273 0.8 0.8181818181818182 0.8 0.8 0.8333333333333334 
0.6 0.4444444444444444 0.7647058823529411 0.7647058823529411 0.7272727272727273 0.6923076923076923 0.6923076923076923 0.6923076923076923 0.7222222222222222 0.7222222222222222 0.7222222222222222 0.7222222222222222 0.7222222222222222 0.7222222222222222 
0.5 0.0 0 0 0 0 0.0 0.3333333333333333 0.2 0.2 0 0 0 0 
0.6 0.7647058823529411 0.8947368421052632 0.8888888888888888 0.9333333333333333 0.9411764705882353 1.0 1.0 0.875 0.875 0.875 0.875 0.875 0.875 
0.6153846153846154 0.7777777777777778 0.7777777777777778 0.7586206896551724 0.7586206896551724 0.7241379310344828 0.7241379310344828 0.7241379310344828 0.7575757575757576 0.7096774193548387 0.7619047619047619 0.7142857142857143 0.6923076923076923 0.7307692307692307 
