0.0033682634730538923 0.0033682634730538923 0.0033682634730538923 0.0033682634730538923 0.0033682634730538923 0.0033682634730538923 0.0033682634730538923 0.0033682634730538923 0.0033682634730538923 0.0033682634730538923 0.0033682634730538923 0.0033682634730538923 0.0033682634730538923 0.0033682634730538923 
0.0007485029940119761 0.0007485029940119761 0.0007485029940119761 0.0007485029940119761 0.0007485029940119761 0.0007485029940119761 0.0007485029940119761 0.0007485029940119761 0.0007485029940119761 0.0007485029940119761 0.0007485029940119761 0.0007485029940119761 0.0007485029940119761 0.0007485029940119761 
0.011976047904191617 0.023577844311377244 0.02694610778443114 0.029565868263473054 0.029565868263473054 0.029940119760479042 0.03405688622754491 0.0344311377245509 0.0344311377245509 0.0344311377245509 0.0344311377245509 0.0344311377245509 0.0344311377245509 0.0344311377245509 
0.0033682634730538923 0.004491017964071856 0.004491017964071856 0.004491017964071856 0.004491017964071856 0.004491017964071856 0.004491017964071856 0.004491017964071856 0.004491017964071856 0.004491017964071856 0.004491017964071856 0.004491017964071856 0.004491017964071856 0.004491017964071856 
0.01122754491017964 0.020209580838323353 0.020209580838323353 0.020209580838323353 0.020209580838323353 0.02058383233532934 0.02058383233532934 0.02058383233532934 0.020958083832335328 0.020958083832335328 0.02133233532934132 0.02133233532934132 0.02133233532934132 0.021706586826347306 
0.007859281437125748 0.008607784431137725 0.008607784431137725 0.008607784431137725 0.008607784431137725 0.008607784431137725 0.008607784431137725 0.008607784431137725 0.008607784431137725 0.008607784431137725 0.008607784431137725 0.008607784431137725 0.008607784431137725 0.008607784431137725 
0.0037425149700598802 0.0037425149700598802 0.0037425149700598802 0.0037425149700598802 0.0037425149700598802 0.0037425149700598802 0.0037425149700598802 0.0037425149700598802 0.0037425149700598802 0.0037425149700598802 0.0037425149700598802 0.0037425149700598802 0.0037425149700598802 0.0037425149700598802 
0.0014970059880239522 0.0014970059880239522 0.0014970059880239522 0.0014970059880239522 0.0014970059880239522 0.0014970059880239522 0.0014970059880239522 0.0014970059880239522 0.0014970059880239522 0.0014970059880239522 0.0014970059880239522 0.0014970059880239522 0.0014970059880239522 0.0014970059880239522 
0.0033682634730538923 0.006362275449101796 0.006736526946107785 0.006736526946107785 0.006736526946107785 0.006736526946107785 0.006736526946107785 0.006736526946107785 0.006736526946107785 0.006736526946107785 0.006736526946107785 0.006736526946107785 0.007110778443113772 0.007110778443113772 
0.0033682634730538923 0.0033682634730538923 0.0033682634730538923 0.0033682634730538923 0.0033682634730538923 0.0033682634730538923 0.0033682634730538923 0.0033682634730538923 0.0033682634730538923 0.0033682634730538923 0.0033682634730538923 0.0033682634730538923 0.0033682634730538923 0.0033682634730538923 
0.002245508982035928 0.002245508982035928 0.002245508982035928 0.002245508982035928 0.002245508982035928 0.002245508982035928 0.002245508982035928 0.002245508982035928 0.002245508982035928 0.002245508982035928 0.002245508982035928 0.002245508982035928 0.002245508982035928 0.002245508982035928 
0.0048652694610778445 0.006362275449101796 0.006362275449101796 0.006736526946107785 0.006736526946107785 0.006736526946107785 0.006736526946107785 0.006736526946107785 0.006736526946107785 0.006736526946107785 0.006736526946107785 0.006736526946107785 0.006736526946107785 0.006736526946107785 
0.002245508982035928 0.004491017964071856 0.004491017964071856 0.004491017964071856 0.004491017964071856 0.004491017964071856 0.004491017964071856 0.004491017964071856 0.004491017964071856 0.004491017964071856 0.004491017964071856 0.004491017964071856 0.004491017964071856 0.004491017964071856 
0.002245508982035928 0.002245508982035928 0.002245508982035928 0.002245508982035928 0.002245508982035928 0.002245508982035928 0.002245508982035928 0.002245508982035928 0.002245508982035928 0.002245508982035928 0.002245508982035928 0.002245508982035928 0.002245508982035928 0.002245508982035928 
0.0 0.002245508982035928 0.002245508982035928 0.002245508982035928 0.002245508982035928 0.002245508982035928 0.002245508982035928 0.002245508982035928 0.002245508982035928 0.002245508982035928 0.002245508982035928 0.002245508982035928 0.002245508982035928 0.002245508982035928 
0.0033682634730538923 0.0033682634730538923 0.0033682634730538923 0.0033682634730538923 0.0033682634730538923 0.0033682634730538923 0.0033682634730538923 0.0033682634730538923 0.0033682634730538923 0.0033682634730538923 0.0033682634730538923 0.0033682634730538923 0.0033682634730538923 0.0033682634730538923 
0.0033682634730538923 0.006362275449101796 0.006362275449101796 0.006362275449101796 0.006362275449101796 0.006362275449101796 0.006362275449101796 0.006362275449101796 0.006362275449101796 0.006362275449101796 0.006362275449101796 0.006362275449101796 0.006362275449101796 0.006362275449101796 
0.0 0.0 0.0 0.0 0.0 0.0 0.0 0.0 0.0 0.0 0.0 0.0 0.0 0.0 
0.002619760479041916 0.0029940119760479044 0.0029940119760479044 0.0029940119760479044 0.0029940119760479044 0.0029940119760479044 0.0029940119760479044 0.0029940119760479044 0.0029940119760479044 0.0029940119760479044 0.0029940119760479044 0.0029940119760479044 0.0029940119760479044 0.0029940119760479044 
0.01122754491017964 0.01908682634730539 0.02058383233532934 0.02058383233532934 0.02058383233532934 0.02058383233532934 0.02058383233532934 0.02058383233532934 0.02058383233532934 0.02058383233532934 0.02058383233532934 0.02058383233532934 0.02058383233532934 0.020958083832335328 
0.0 0.002245508982035928 0.002245508982035928 0.002245508982035928 0.002245508982035928 0.002245508982035928 0.002245508982035928 0.002245508982035928 0.002245508982035928 0.002245508982035928 0.002245508982035928 0.002245508982035928 0.002245508982035928 0.002245508982035928 
0.011976047904191617 0.02133233532934132 0.021706586826347306 0.021706586826347306 0.022080838323353294 0.022080838323353294 0.022080838323353294 0.022080838323353294 0.022080838323353294 0.022080838323353294 0.022080838323353294 0.02245508982035928 0.02245508982035928 0.02245508982035928 
0.007859281437125748 0.014595808383233533 0.014595808383233533 0.016841317365269462 0.01721556886227545 0.01721556886227545 0.017964071856287425 0.017964071856287425 0.017964071856287425 0.017964071856287425 0.017964071856287425 0.017964071856287425 0.017964071856287425 0.017964071856287425 
0.0033682634730538923 0.005239520958083832 0.005239520958083832 0.005239520958083832 0.005239520958083832 0.005239520958083832 0.005239520958083832 0.005239520958083832 0.005239520958083832 0.005239520958083832 0.005239520958083832 0.005239520958083832 0.005239520958083832 0.005239520958083832 
0.00037425149700598805 0.00037425149700598805 0.00037425149700598805 0.00037425149700598805 0.00037425149700598805 0.00037425149700598805 0.00037425149700598805 0.00037425149700598805 0.00037425149700598805 0.0007485029940119761 0.0037425149700598802 0.0037425149700598802 0.0037425149700598802 0.0037425149700598802 
0.011976047904191617 0.016467065868263474 0.016467065868263474 0.016467065868263474 0.016467065868263474 0.016467065868263474 0.016467065868263474 0.016467065868263474 0.016467065868263474 0.016467065868263474 0.017589820359281437 0.018338323353293412 0.018338323353293412 0.0187125748502994 
0.004116766467065869 0.00561377245508982 0.00561377245508982 0.00561377245508982 0.00561377245508982 0.00561377245508982 0.00561377245508982 0.00561377245508982 0.00561377245508982 0.00561377245508982 0.00561377245508982 0.00561377245508982 0.00561377245508982 0.00561377245508982 
0.0048652694610778445 0.0048652694610778445 0.0048652694610778445 0.0048652694610778445 0.0048652694610778445 0.0048652694610778445 0.0048652694610778445 0.0048652694610778445 0.0048652694610778445 0.0048652694610778445 0.0048652694610778445 0.0048652694610778445 0.0048652694610778445 0.0048652694610778445 
0.0029940119760479044 0.0029940119760479044 0.0029940119760479044 0.0029940119760479044 0.0029940119760479044 0.0029940119760479044 0.0029940119760479044 0.0029940119760479044 0.0029940119760479044 0.0029940119760479044 0.0029940119760479044 0.0029940119760479044 0.0029940119760479044 0.0029940119760479044 
0.0033682634730538923 0.0037425149700598802 0.0037425149700598802 0.0037425149700598802 0.0037425149700598802 0.0037425149700598802 0.0037425149700598802 0.0037425149700598802 0.0037425149700598802 0.0037425149700598802 0.0037425149700598802 0.0037425149700598802 0.0037425149700598802 0.0037425149700598802 
0.002245508982035928 0.002245508982035928 0.002245508982035928 0.002245508982035928 0.002245508982035928 0.002245508982035928 0.002245508982035928 0.002245508982035928 0.002245508982035928 0.002245508982035928 0.002245508982035928 0.002245508982035928 0.002245508982035928 0.002245508982035928 
0.004116766467065869 0.006362275449101796 0.006362275449101796 0.006362275449101796 0.006362275449101796 0.006362275449101796 0.006362275449101796 0.006362275449101796 0.006362275449101796 0.006362275449101796 0.006362275449101796 0.006362275449101796 0.006362275449101796 0.006362275449101796 
0.007859281437125748 0.008607784431137725 0.008607784431137725 0.008607784431137725 0.008607784431137725 0.008607784431137725 0.008607784431137725 0.008607784431137725 0.008607784431137725 0.008607784431137725 0.008607784431137725 0.008607784431137725 0.008607784431137725 0.008607784431137725 
0.002245508982035928 0.0037425149700598802 0.0037425149700598802 0.0037425149700598802 0.0037425149700598802 0.0037425149700598802 0.0037425149700598802 0.0037425149700598802 0.0037425149700598802 0.0037425149700598802 0.0037425149700598802 0.0037425149700598802 0.0037425149700598802 0.0037425149700598802 
0.002619760479041916 0.0029940119760479044 0.0029940119760479044 0.0029940119760479044 0.0029940119760479044 0.0029940119760479044 0.0029940119760479044 0.0029940119760479044 0.0029940119760479044 0.0029940119760479044 0.0029940119760479044 0.0029940119760479044 0.0029940119760479044 0.0029940119760479044 
0.002245508982035928 0.002245508982035928 0.002245508982035928 0.002245508982035928 0.002245508982035928 0.002245508982035928 0.002245508982035928 0.002245508982035928 0.002245508982035928 0.002245508982035928 0.002245508982035928 0.002245508982035928 0.002245508982035928 0.002245508982035928 
0.002619760479041916 0.0029940119760479044 0.0029940119760479044 0.0029940119760479044 0.0029940119760479044 0.0029940119760479044 0.0029940119760479044 0.0029940119760479044 0.0029940119760479044 0.0029940119760479044 0.0029940119760479044 0.0029940119760479044 0.0029940119760479044 0.0029940119760479044 
0.0029940119760479044 0.005239520958083832 0.005239520958083832 0.005239520958083832 0.005239520958083832 0.005239520958083832 0.005239520958083832 0.005239520958083832 0.005239520958083832 0.005239520958083832 0.005239520958083832 0.005239520958083832 0.005239520958083832 0.005239520958083832 
0.0033682634730538923 0.004491017964071856 0.004491017964071856 0.004491017964071856 0.004491017964071856 0.004491017964071856 0.004491017964071856 0.004491017964071856 0.004491017964071856 0.004491017964071856 0.004491017964071856 0.004491017964071856 0.004491017964071856 0.004491017964071856 
0.018338323353293412 0.024326347305389222 0.024326347305389222 0.024326347305389222 0.024326347305389222 0.024326347305389222 0.024326347305389222 0.024326347305389222 0.024326347305389222 0.024326347305389222 0.024326347305389222 0.024326347305389222 0.024326347305389222 0.024326347305389222 
0.002245508982035928 0.002245508982035928 0.002245508982035928 0.002245508982035928 0.002245508982035928 0.002245508982035928 0.002245508982035928 0.002245508982035928 0.002245508982035928 0.002245508982035928 0.002245508982035928 0.002245508982035928 0.002245508982035928 0.002245508982035928 
0.0029940119760479044 0.006362275449101796 0.006362275449101796 0.006362275449101796 0.006362275449101796 0.006362275449101796 0.006362275449101796 0.006362275449101796 0.006362275449101796 0.006362275449101796 0.006362275449101796 0.006362275449101796 0.006362275449101796 0.006362275449101796 
0.004116766467065869 0.004116766467065869 0.004116766467065869 0.004116766467065869 0.004116766467065869 0.004116766467065869 0.004116766467065869 0.004116766467065869 0.004116766467065869 0.004116766467065869 0.004116766467065869 0.004116766467065869 0.004116766467065869 0.004116766467065869 
0.004116766467065869 0.004116766467065869 0.004116766467065869 0.004116766467065869 0.004116766467065869 0.004116766467065869 0.004116766467065869 0.004116766467065869 0.004116766467065869 0.004116766467065869 0.004116766467065869 0.004116766467065869 0.004116766467065869 0.004116766467065869 
0.011976047904191617 0.023577844311377244 0.02844311377245509 0.02881736526946108 0.02881736526946108 0.02881736526946108 0.02881736526946108 0.02881736526946108 0.02881736526946108 0.02881736526946108 0.02881736526946108 0.02881736526946108 0.02881736526946108 0.02881736526946108 
0.002245508982035928 0.002619760479041916 0.002619760479041916 0.002619760479041916 0.002619760479041916 0.002619760479041916 0.002619760479041916 0.002619760479041916 0.002619760479041916 0.002619760479041916 0.002619760479041916 0.002619760479041916 0.002619760479041916 0.002619760479041916 
0.0 0.0 0.0 0.0 0.0 0.0 0.0 0.0 0.0 0.0 0.0 0.0 0.0 0.0 
0.0033682634730538923 0.00561377245508982 0.00561377245508982 0.00561377245508982 0.00561377245508982 0.00561377245508982 0.00561377245508982 0.00561377245508982 0.00561377245508982 0.00561377245508982 0.00561377245508982 0.00561377245508982 0.00561377245508982 0.00561377245508982 
0.0033682634730538923 0.00561377245508982 0.00561377245508982 0.00561377245508982 0.00561377245508982 0.00561377245508982 0.00561377245508982 0.00561377245508982 0.00561377245508982 0.00561377245508982 0.00561377245508982 0.00561377245508982 0.00561377245508982 0.00561377245508982 
0.002619760479041916 0.00561377245508982 0.00561377245508982 0.00561377245508982 0.00561377245508982 0.00561377245508982 0.00561377245508982 0.00561377245508982 0.00561377245508982 0.00561377245508982 0.00561377245508982 0.00561377245508982 0.00561377245508982 0.00561377245508982 
0.0033682634730538923 0.00561377245508982 0.005988023952095809 0.005988023952095809 0.005988023952095809 0.005988023952095809 0.005988023952095809 0.005988023952095809 0.005988023952095809 0.005988023952095809 0.005988023952095809 0.006736526946107785 0.007859281437125748 0.007859281437125748 
0.0033682634730538923 0.00561377245508982 0.00561377245508982 0.00561377245508982 0.00561377245508982 0.006362275449101796 0.006362275449101796 0.006362275449101796 0.006362275449101796 0.006362275449101796 0.006362275449101796 0.0074850299401197605 0.0074850299401197605 0.0074850299401197605 
0.001122754491017964 0.001122754491017964 0.001122754491017964 0.001122754491017964 0.001122754491017964 0.001122754491017964 0.001122754491017964 0.001122754491017964 0.001122754491017964 0.001122754491017964 0.001122754491017964 0.001122754491017964 0.001122754491017964 0.001122754491017964 
0.004116766467065869 0.0048652694610778445 0.00561377245508982 0.00561377245508982 0.005988023952095809 0.005988023952095809 0.005988023952095809 0.005988023952095809 0.006362275449101796 0.006362275449101796 0.006362275449101796 0.006362275449101796 0.006362275449101796 0.006362275449101796 
0.0048652694610778445 0.016467065868263474 0.017964071856287425 0.017964071856287425 0.02245508982035928 0.02245508982035928 0.024326347305389222 0.02470059880239521 0.025074850299401198 0.025074850299401198 0.025074850299401198 0.025074850299401198 0.025074850299401198 0.025074850299401198 
0.002245508982035928 0.002245508982035928 0.002245508982035928 0.002245508982035928 0.002245508982035928 0.002245508982035928 0.002619760479041916 0.002619760479041916 0.002619760479041916 0.002619760479041916 0.002619760479041916 0.002619760479041916 0.002619760479041916 0.002619760479041916 
0.002619760479041916 0.0029940119760479044 0.0029940119760479044 0.0029940119760479044 0.0029940119760479044 0.0029940119760479044 0.0029940119760479044 0.0029940119760479044 0.0029940119760479044 0.0029940119760479044 0.0029940119760479044 0.0029940119760479044 0.0029940119760479044 0.0029940119760479044 
0.0033682634730538923 0.0048652694610778445 0.0048652694610778445 0.0048652694610778445 0.0048652694610778445 0.005239520958083832 0.005239520958083832 0.005239520958083832 0.005239520958083832 0.005239520958083832 0.005239520958083832 0.005239520958083832 0.005239520958083832 0.005239520958083832 
0.002245508982035928 0.002245508982035928 0.002245508982035928 0.002245508982035928 0.002245508982035928 0.002245508982035928 0.002245508982035928 0.002245508982035928 0.002245508982035928 0.002245508982035928 0.002245508982035928 0.002245508982035928 0.002245508982035928 0.002245508982035928 
0.0033682634730538923 0.0033682634730538923 0.0033682634730538923 0.0033682634730538923 0.0033682634730538923 0.0033682634730538923 0.0033682634730538923 0.0033682634730538923 0.0033682634730538923 0.0033682634730538923 0.0033682634730538923 0.0033682634730538923 0.0033682634730538923 0.0033682634730538923 
0.002619760479041916 0.0033682634730538923 0.0033682634730538923 0.0033682634730538923 0.0033682634730538923 0.0033682634730538923 0.0033682634730538923 0.0033682634730538923 0.0033682634730538923 0.0033682634730538923 0.0037425149700598802 0.0037425149700598802 0.0037425149700598802 0.0037425149700598802 
0.011976047904191617 0.023203592814371257 0.02619760479041916 0.027320359281437126 0.02844311377245509 0.02844311377245509 0.02844311377245509 0.02844311377245509 0.02844311377245509 0.02844311377245509 0.02844311377245509 0.02844311377245509 0.02844311377245509 0.02844311377245509 
0.0033682634730538923 0.00561377245508982 0.00561377245508982 0.00561377245508982 0.00561377245508982 0.00561377245508982 0.00561377245508982 0.00561377245508982 0.00561377245508982 0.006362275449101796 0.006362275449101796 0.006736526946107785 0.007110778443113772 0.007110778443113772 
0.002245508982035928 0.002245508982035928 0.002245508982035928 0.002245508982035928 0.002245508982035928 0.002245508982035928 0.002245508982035928 0.002245508982035928 0.002245508982035928 0.002245508982035928 0.002245508982035928 0.002245508982035928 0.002245508982035928 0.002245508982035928 
0.0048652694610778445 0.005988023952095809 0.005988023952095809 0.006362275449101796 0.006362275449101796 0.006362275449101796 0.006362275449101796 0.006362275449101796 0.006362275449101796 0.006362275449101796 0.006736526946107785 0.006736526946107785 0.006736526946107785 0.006736526946107785 
0.0033682634730538923 0.00561377245508982 0.00561377245508982 0.00561377245508982 0.00561377245508982 0.00561377245508982 0.00561377245508982 0.00561377245508982 0.00561377245508982 0.00561377245508982 0.005988023952095809 0.005988023952095809 0.005988023952095809 0.005988023952095809 
0.002245508982035928 0.0037425149700598802 0.0037425149700598802 0.0037425149700598802 0.004116766467065869 0.004116766467065869 0.0048652694610778445 0.0048652694610778445 0.0048652694610778445 0.005239520958083832 0.00561377245508982 0.005988023952095809 0.005988023952095809 0.005988023952095809 
0.0037425149700598802 0.0037425149700598802 0.0037425149700598802 0.0037425149700598802 0.0037425149700598802 0.0037425149700598802 0.0037425149700598802 0.0037425149700598802 0.0037425149700598802 0.0037425149700598802 0.0037425149700598802 0.0037425149700598802 0.0037425149700598802 0.0037425149700598802 
0.0033682634730538923 0.0033682634730538923 0.004116766467065869 0.004116766467065869 0.004116766467065869 0.004116766467065869 0.005988023952095809 0.005988023952095809 0.005988023952095809 0.006736526946107785 0.007110778443113772 0.007110778443113772 0.007110778443113772 0.007110778443113772 
0.0 0.0 0.0 0.0 0.0 0.0 0.0 0.0 0.0 0.0 0.0 0.0 0.0 0.0 
0.007110778443113772 0.016467065868263474 0.017964071856287425 0.019461077844311378 0.020209580838323353 0.02133233532934132 0.023577844311377244 0.023577844311377244 0.023952095808383235 0.023952095808383235 0.023952095808383235 0.024326347305389222 0.025074850299401198 0.025074850299401198 
0.002619760479041916 0.00561377245508982 0.00561377245508982 0.00561377245508982 0.00561377245508982 0.00561377245508982 0.00561377245508982 0.00561377245508982 0.00561377245508982 0.00561377245508982 0.00561377245508982 0.00561377245508982 0.00561377245508982 0.00561377245508982 
0.002619760479041916 0.00561377245508982 0.00561377245508982 0.00561377245508982 0.00561377245508982 0.00561377245508982 0.00561377245508982 0.00561377245508982 0.00561377245508982 0.00561377245508982 0.00561377245508982 0.00561377245508982 0.00561377245508982 0.00561377245508982 
0.002245508982035928 0.002245508982035928 0.002245508982035928 0.002245508982035928 0.002619760479041916 0.002619760479041916 0.002619760479041916 0.002619760479041916 0.002619760479041916 0.0029940119760479044 0.0037425149700598802 0.0037425149700598802 0.0037425149700598802 0.0037425149700598802 
0.0033682634730538923 0.005239520958083832 0.006362275449101796 0.006362275449101796 0.006362275449101796 0.006362275449101796 0.006362275449101796 0.006362275449101796 0.006362275449101796 0.006362275449101796 0.006362275449101796 0.006362275449101796 0.006362275449101796 0.006362275449101796 
0.0033682634730538923 0.0033682634730538923 0.0037425149700598802 0.0037425149700598802 0.004116766467065869 0.004116766467065869 0.004116766467065869 0.004116766467065869 0.004116766467065869 0.004116766467065869 0.004116766467065869 0.004116766467065869 0.004116766467065869 0.004116766467065869 
0.007110778443113772 0.016841317365269462 0.016841317365269462 0.016841317365269462 0.016841317365269462 0.017589820359281437 0.017589820359281437 0.019461077844311378 0.020209580838323353 0.020209580838323353 0.020209580838323353 0.020209580838323353 0.02133233532934132 0.02133233532934132 
0.0033682634730538923 0.0033682634730538923 0.0033682634730538923 0.0037425149700598802 0.0037425149700598802 0.0037425149700598802 0.0037425149700598802 0.0037425149700598802 0.0037425149700598802 0.0037425149700598802 0.0037425149700598802 0.0037425149700598802 0.0037425149700598802 0.0037425149700598802 
0.0029940119760479044 0.0048652694610778445 0.008233532934131737 0.008233532934131737 0.008233532934131737 0.008233532934131737 0.008233532934131737 0.008233532934131737 0.008233532934131737 0.008233532934131737 0.008233532934131737 0.008233532934131737 0.008233532934131737 0.008607784431137725 
0.0033682634730538923 0.0037425149700598802 0.0037425149700598802 0.0037425149700598802 0.0037425149700598802 0.0037425149700598802 0.0037425149700598802 0.0037425149700598802 0.0037425149700598802 0.0037425149700598802 0.004116766467065869 0.004116766467065869 0.004116766467065869 0.004116766467065869 
0.002619760479041916 0.005239520958083832 0.005239520958083832 0.005239520958083832 0.00561377245508982 0.005988023952095809 0.005988023952095809 0.006362275449101796 0.006362275449101796 0.006362275449101796 0.006362275449101796 0.006362275449101796 0.006362275449101796 0.006362275449101796 
0.018338323353293412 0.035179640718562874 0.03592814371257485 0.0374251497005988 0.0407934131736527 0.04303892215568862 0.0437874251497006 0.04416167664670659 0.04491017964071856 0.04565868263473054 0.04565868263473054 0.04565868263473054 0.046781437125748504 0.04752994011976048 
0.0033682634730538923 0.006362275449101796 0.008233532934131737 0.008233532934131737 0.008233532934131737 0.008607784431137725 0.008607784431137725 0.008982035928143712 0.008982035928143712 0.008982035928143712 0.008982035928143712 0.009730538922155689 0.010104790419161677 0.010104790419161677 
0.007859281437125748 0.008233532934131737 0.014221556886227544 0.014970059880239521 0.014970059880239521 0.016092814371257484 0.016841317365269462 0.016841317365269462 0.016841317365269462 0.017964071856287425 0.017964071856287425 0.017964071856287425 0.017964071856287425 0.017964071856287425 
0.002619760479041916 0.00561377245508982 0.00561377245508982 0.00561377245508982 0.005988023952095809 0.005988023952095809 0.005988023952095809 0.005988023952095809 0.005988023952095809 0.006362275449101796 0.006362275449101796 0.006362275449101796 0.006362275449101796 0.006362275449101796 
0.0048652694610778445 0.010479041916167664 0.01122754491017964 0.01122754491017964 0.013847305389221557 0.013847305389221557 0.013847305389221557 0.013847305389221557 0.014970059880239521 0.014970059880239521 0.014970059880239521 0.015344311377245509 0.015718562874251496 0.015718562874251496 
0.002245508982035928 0.0037425149700598802 0.0037425149700598802 0.004116766467065869 0.004116766467065869 0.0048652694610778445 0.005239520958083832 0.005239520958083832 0.005239520958083832 0.00561377245508982 0.00561377245508982 0.00561377245508982 0.00561377245508982 0.00561377245508982 
0.0048652694610778445 0.01309880239520958 0.01309880239520958 0.01347305389221557 0.01347305389221557 0.015344311377245509 0.019835329341317365 0.02058383233532934 0.02058383233532934 0.02282934131736527 0.02470059880239521 0.02470059880239521 0.02470059880239521 0.02470059880239521 
0.01122754491017964 0.02058383233532934 0.02133233532934132 0.022080838323353294 0.022080838323353294 0.02282934131736527 0.02282934131736527 0.02282934131736527 0.027320359281437126 0.027320359281437126 0.0280688622754491 0.02844311377245509 0.02881736526946108 0.029565868263473054 
0.0033682634730538923 0.005988023952095809 0.005988023952095809 0.005988023952095809 0.005988023952095809 0.005988023952095809 0.005988023952095809 0.005988023952095809 0.005988023952095809 0.005988023952095809 0.005988023952095809 0.005988023952095809 0.005988023952095809 0.005988023952095809 
0.011976047904191617 0.02133233532934132 0.02282934131736527 0.023952095808383235 0.023952095808383235 0.023952095808383235 0.023952095808383235 0.023952095808383235 0.023952095808383235 0.023952095808383235 0.023952095808383235 0.023952095808383235 0.023952095808383235 0.024326347305389222 
0.0033682634730538923 0.0037425149700598802 0.0037425149700598802 0.0037425149700598802 0.0037425149700598802 0.0037425149700598802 0.0037425149700598802 0.0037425149700598802 0.0037425149700598802 0.0037425149700598802 0.0037425149700598802 0.0037425149700598802 0.0037425149700598802 0.0037425149700598802 
0.0033682634730538923 0.0033682634730538923 0.0033682634730538923 0.0033682634730538923 0.0033682634730538923 0.0033682634730538923 0.0033682634730538923 0.0033682634730538923 0.0033682634730538923 0.0033682634730538923 0.0033682634730538923 0.0033682634730538923 0.0033682634730538923 0.0033682634730538923 
0.01122754491017964 0.0187125748502994 0.020209580838323353 0.023577844311377244 0.023577844311377244 0.0280688622754491 0.029940119760479042 0.03031437125748503 0.031062874251497005 0.03218562874251497 0.03218562874251497 0.03218562874251497 0.03218562874251497 0.03255988023952096 
0.0033682634730538923 0.0037425149700598802 0.0037425149700598802 0.0037425149700598802 0.0037425149700598802 0.0037425149700598802 0.0037425149700598802 0.0048652694610778445 0.005239520958083832 0.005239520958083832 0.005239520958083832 0.005239520958083832 0.00561377245508982 0.00561377245508982 
0.011976047904191617 0.023203592814371257 0.027320359281437126 0.027320359281437126 0.029191616766467067 0.029191616766467067 0.029191616766467067 0.029191616766467067 0.031062874251497005 0.03181137724550898 0.03181137724550898 0.03181137724550898 0.03181137724550898 0.03181137724550898 
0.0033682634730538923 0.0037425149700598802 0.0037425149700598802 0.0037425149700598802 0.0037425149700598802 0.0037425149700598802 0.0037425149700598802 0.0037425149700598802 0.0037425149700598802 0.0037425149700598802 0.0037425149700598802 0.0037425149700598802 0.0037425149700598802 0.0037425149700598802 
0.0033682634730538923 0.006736526946107785 0.006736526946107785 0.006736526946107785 0.006736526946107785 0.006736526946107785 0.006736526946107785 0.006736526946107785 0.006736526946107785 0.006736526946107785 0.006736526946107785 0.006736526946107785 0.006736526946107785 0.006736526946107785 
0.002619760479041916 0.0029940119760479044 0.0029940119760479044 0.0029940119760479044 0.0029940119760479044 0.0029940119760479044 0.0029940119760479044 0.0029940119760479044 0.0029940119760479044 0.0029940119760479044 0.0029940119760479044 0.0029940119760479044 0.0033682634730538923 0.0037425149700598802 
0.004116766467065869 0.004116766467065869 0.004116766467065869 0.004116766467065869 0.004116766467065869 0.004116766467065869 0.004116766467065869 0.004116766467065869 0.004116766467065869 0.004116766467065869 0.0048652694610778445 0.0048652694610778445 0.0048652694610778445 0.0048652694610778445 
0.004116766467065869 0.004116766467065869 0.004116766467065869 0.004491017964071856 0.0048652694610778445 0.0048652694610778445 0.0048652694610778445 0.0048652694610778445 0.0048652694610778445 0.0048652694610778445 0.0048652694610778445 0.0048652694610778445 0.005239520958083832 0.005239520958083832 
0.0033682634730538923 0.00561377245508982 0.00561377245508982 0.00561377245508982 0.00561377245508982 0.00561377245508982 0.00561377245508982 0.00561377245508982 0.00561377245508982 0.00561377245508982 0.00561377245508982 0.00561377245508982 0.00561377245508982 0.00561377245508982 
0.0037425149700598802 0.0037425149700598802 0.0037425149700598802 0.0037425149700598802 0.0037425149700598802 0.0037425149700598802 0.0037425149700598802 0.0037425149700598802 0.0037425149700598802 0.0037425149700598802 0.0037425149700598802 0.0037425149700598802 0.0037425149700598802 0.0037425149700598802 
0.0033682634730538923 0.0048652694610778445 0.0048652694610778445 0.0048652694610778445 0.005239520958083832 0.005239520958083832 0.005239520958083832 0.005239520958083832 0.00561377245508982 0.00561377245508982 0.00561377245508982 0.00561377245508982 0.00561377245508982 0.00561377245508982 
0.002245508982035928 0.002245508982035928 0.002245508982035928 0.002245508982035928 0.002245508982035928 0.002245508982035928 0.002245508982035928 0.002245508982035928 0.002245508982035928 0.002245508982035928 0.002245508982035928 0.002245508982035928 0.002245508982035928 0.002245508982035928 
0.0029940119760479044 0.0029940119760479044 0.0029940119760479044 0.0029940119760479044 0.0029940119760479044 0.0029940119760479044 0.0029940119760479044 0.0029940119760479044 0.0029940119760479044 0.0029940119760479044 0.0029940119760479044 0.0029940119760479044 0.0029940119760479044 0.0029940119760479044 
0.002619760479041916 0.002619760479041916 0.002619760479041916 0.002619760479041916 0.002619760479041916 0.0033682634730538923 0.0033682634730538923 0.0033682634730538923 0.004491017964071856 0.005239520958083832 0.00561377245508982 0.00561377245508982 0.00561377245508982 0.00561377245508982 
0.0029940119760479044 0.0029940119760479044 0.004491017964071856 0.0048652694610778445 0.005239520958083832 0.005239520958083832 0.005239520958083832 0.005239520958083832 0.005239520958083832 0.005239520958083832 0.005239520958083832 0.005239520958083832 0.005239520958083832 0.005239520958083832 
0.00037425149700598805 0.0007485029940119761 0.0007485029940119761 0.0007485029940119761 0.001122754491017964 0.001122754491017964 0.0014970059880239522 0.0014970059880239522 0.0018712574850299401 0.0018712574850299401 0.0018712574850299401 0.0029940119760479044 0.0029940119760479044 0.005239520958083832 
0.011976047904191617 0.02282934131736527 0.02470059880239521 0.025449101796407185 0.025449101796407185 0.025449101796407185 0.025823353293413173 0.025823353293413173 0.025823353293413173 0.025823353293413173 0.025823353293413173 0.025823353293413173 0.025823353293413173 0.025823353293413173 
0.0033682634730538923 0.006736526946107785 0.006736526946107785 0.006736526946107785 0.006736526946107785 0.006736526946107785 0.006736526946107785 0.006736526946107785 0.006736526946107785 0.006736526946107785 0.006736526946107785 0.006736526946107785 0.006736526946107785 0.006736526946107785 
0.004491017964071856 0.011601796407185628 0.012350299401197605 0.015344311377245509 0.015718562874251496 0.015718562874251496 0.016092814371257484 0.01721556886227545 0.017964071856287425 0.017964071856287425 0.017964071856287425 0.017964071856287425 0.017964071856287425 0.017964071856287425 
0.00037425149700598805 0.004116766467065869 0.0048652694610778445 0.0048652694610778445 0.005988023952095809 0.005988023952095809 0.006362275449101796 0.006362275449101796 0.006362275449101796 0.006362275449101796 0.006362275449101796 0.006362275449101796 0.006362275449101796 0.006362275449101796 
0.0014970059880239522 0.0018712574850299401 0.0018712574850299401 0.002245508982035928 0.002245508982035928 0.002245508982035928 0.002245508982035928 0.002619760479041916 0.002619760479041916 0.002619760479041916 0.002619760479041916 0.002619760479041916 0.002619760479041916 0.002619760479041916 
0.002619760479041916 0.002619760479041916 0.002619760479041916 0.0029940119760479044 0.0029940119760479044 0.0029940119760479044 0.0033682634730538923 0.0037425149700598802 0.0037425149700598802 0.0037425149700598802 0.005239520958083832 0.00561377245508982 0.00561377245508982 0.0074850299401197605 
0.002245508982035928 0.00561377245508982 0.00561377245508982 0.00561377245508982 0.005988023952095809 0.005988023952095809 0.005988023952095809 0.005988023952095809 0.005988023952095809 0.005988023952095809 0.005988023952095809 0.005988023952095809 0.005988023952095809 0.005988023952095809 
0.0048652694610778445 0.012724550898203593 0.013847305389221557 0.014221556886227544 0.014595808383233533 0.017589820359281437 0.017589820359281437 0.0187125748502994 0.019835329341317365 0.019835329341317365 0.02133233532934132 0.022080838323353294 0.022080838323353294 0.022080838323353294 
0.0033682634730538923 0.006736526946107785 0.006736526946107785 0.006736526946107785 0.006736526946107785 0.0074850299401197605 0.0074850299401197605 0.008233532934131737 0.009730538922155689 0.009730538922155689 0.010853293413173653 0.010853293413173653 0.01122754491017964 0.01122754491017964 
0.0033682634730538923 0.0048652694610778445 0.0048652694610778445 0.00561377245508982 0.006736526946107785 0.006736526946107785 0.007110778443113772 0.0074850299401197605 0.007859281437125748 0.007859281437125748 0.008233532934131737 0.008233532934131737 0.008233532934131737 0.008233532934131737 
0.002619760479041916 0.0029940119760479044 0.0029940119760479044 0.0029940119760479044 0.0037425149700598802 0.0037425149700598802 0.0037425149700598802 0.0037425149700598802 0.0037425149700598802 0.0037425149700598802 0.0037425149700598802 0.0037425149700598802 0.0037425149700598802 0.0037425149700598802 
0.0033682634730538923 0.0033682634730538923 0.0033682634730538923 0.0033682634730538923 0.0033682634730538923 0.0033682634730538923 0.0033682634730538923 0.0033682634730538923 0.0033682634730538923 0.0033682634730538923 0.0033682634730538923 0.0033682634730538923 0.0033682634730538923 0.0033682634730538923 
0.002245508982035928 0.0033682634730538923 0.0033682634730538923 0.0033682634730538923 0.0033682634730538923 0.0033682634730538923 0.0033682634730538923 0.0033682634730538923 0.0033682634730538923 0.0033682634730538923 0.0033682634730538923 0.0033682634730538923 0.0033682634730538923 0.0033682634730538923 
0.0033682634730538923 0.0033682634730538923 0.0037425149700598802 0.0037425149700598802 0.0037425149700598802 0.0037425149700598802 0.0037425149700598802 0.0037425149700598802 0.0037425149700598802 0.0037425149700598802 0.0037425149700598802 0.0037425149700598802 0.0037425149700598802 0.0037425149700598802 
0.004116766467065869 0.004116766467065869 0.004116766467065869 0.004116766467065869 0.004116766467065869 0.004116766467065869 0.004116766467065869 0.004116766467065869 0.004116766467065869 0.004116766467065869 0.004116766467065869 0.004116766467065869 0.004116766467065869 0.004116766467065869 
0.0007485029940119761 0.002619760479041916 0.002619760479041916 0.0029940119760479044 0.0029940119760479044 0.0029940119760479044 0.0029940119760479044 0.0029940119760479044 0.0033682634730538923 0.004116766467065869 0.004116766467065869 0.004116766467065869 0.004116766467065869 0.004116766467065869 
0.0033682634730538923 0.0033682634730538923 0.0037425149700598802 0.0037425149700598802 0.0037425149700598802 0.0037425149700598802 0.0037425149700598802 0.0037425149700598802 0.0037425149700598802 0.0037425149700598802 0.004491017964071856 0.004491017964071856 0.004491017964071856 0.004491017964071856 
0.002245508982035928 0.002245508982035928 0.002245508982035928 0.002245508982035928 0.002245508982035928 0.002245508982035928 0.002245508982035928 0.002245508982035928 0.002245508982035928 0.002245508982035928 0.002245508982035928 0.002245508982035928 0.002245508982035928 0.002245508982035928 
0.002245508982035928 0.0033682634730538923 0.0033682634730538923 0.0033682634730538923 0.0033682634730538923 0.0033682634730538923 0.0033682634730538923 0.004116766467065869 0.004116766467065869 0.004491017964071856 0.004491017964071856 0.004491017964071856 0.004491017964071856 0.005239520958083832 
0.0033682634730538923 0.00561377245508982 0.00561377245508982 0.00561377245508982 0.005988023952095809 0.005988023952095809 0.0074850299401197605 0.0074850299401197605 0.007859281437125748 0.007859281437125748 0.008233532934131737 0.008233532934131737 0.008233532934131737 0.008233532934131737 
0.0029940119760479044 0.005988023952095809 0.006362275449101796 0.006362275449101796 0.0074850299401197605 0.0074850299401197605 0.0074850299401197605 0.0074850299401197605 0.007859281437125748 0.007859281437125748 0.008607784431137725 0.008607784431137725 0.0093562874251497 0.0093562874251497 
0.002245508982035928 0.002245508982035928 0.002245508982035928 0.002245508982035928 0.002245508982035928 0.002245508982035928 0.002245508982035928 0.002245508982035928 0.002245508982035928 0.002245508982035928 0.002245508982035928 0.002245508982035928 0.002245508982035928 0.002245508982035928 
0.002619760479041916 0.005988023952095809 0.005988023952095809 0.005988023952095809 0.005988023952095809 0.005988023952095809 0.005988023952095809 0.005988023952095809 0.005988023952095809 0.005988023952095809 0.005988023952095809 0.005988023952095809 0.005988023952095809 0.005988023952095809 
0.011976047904191617 0.02282934131736527 0.02470059880239521 0.025449101796407185 0.025449101796407185 0.025449101796407185 0.025449101796407185 0.025823353293413173 0.025823353293413173 0.025823353293413173 0.025823353293413173 0.025823353293413173 0.025823353293413173 0.02619760479041916 
0.0033682634730538923 0.0037425149700598802 0.0037425149700598802 0.0037425149700598802 0.0037425149700598802 0.0037425149700598802 0.0037425149700598802 0.0037425149700598802 0.0037425149700598802 0.0037425149700598802 0.0037425149700598802 0.0037425149700598802 0.0037425149700598802 0.0037425149700598802 
0.002245508982035928 0.0033682634730538923 0.0033682634730538923 0.0033682634730538923 0.0037425149700598802 0.004116766467065869 0.004116766467065869 0.005239520958083832 0.005239520958083832 0.005239520958083832 0.005239520958083832 0.005239520958083832 0.005239520958083832 0.005239520958083832 
0.002245508982035928 0.002245508982035928 0.002245508982035928 0.002245508982035928 0.002245508982035928 0.002245508982035928 0.002245508982035928 0.002245508982035928 0.002245508982035928 0.002245508982035928 0.002245508982035928 0.002245508982035928 0.002245508982035928 0.002245508982035928 
0.0007485029940119761 0.0007485029940119761 0.0007485029940119761 0.0007485029940119761 0.0007485029940119761 0.0007485029940119761 0.0007485029940119761 0.0007485029940119761 0.0007485029940119761 0.0007485029940119761 0.0007485029940119761 0.0007485029940119761 0.0007485029940119761 0.0007485029940119761 
0.011976047904191617 0.015718562874251496 0.016092814371257484 0.016467065868263474 0.018338323353293412 0.0187125748502994 0.01908682634730539 0.01908682634730539 0.01908682634730539 0.01908682634730539 0.01908682634730539 0.01908682634730539 0.01908682634730539 0.01908682634730539 
0.0007485029940119761 0.002619760479041916 0.0029940119760479044 0.0033682634730538923 0.0033682634730538923 0.0033682634730538923 0.0033682634730538923 0.0033682634730538923 0.0033682634730538923 0.0033682634730538923 0.0033682634730538923 0.0033682634730538923 0.0033682634730538923 0.0033682634730538923 
0.01122754491017964 0.01347305389221557 0.01347305389221557 0.01347305389221557 0.01347305389221557 0.01347305389221557 0.01347305389221557 0.013847305389221557 0.013847305389221557 0.013847305389221557 0.013847305389221557 0.013847305389221557 0.013847305389221557 0.013847305389221557 
0.002619760479041916 0.0048652694610778445 0.005239520958083832 0.005239520958083832 0.00561377245508982 0.00561377245508982 0.00561377245508982 0.00561377245508982 0.005988023952095809 0.006362275449101796 0.006362275449101796 0.007110778443113772 0.007110778443113772 0.0074850299401197605 
0.00037425149700598805 0.005239520958083832 0.005239520958083832 0.005239520958083832 0.006736526946107785 0.008607784431137725 0.008607784431137725 0.009730538922155689 0.010104790419161677 0.010104790419161677 0.010104790419161677 0.010479041916167664 0.010479041916167664 0.010479041916167664 
0.01122754491017964 0.019835329341317365 0.02058383233532934 0.02058383233532934 0.02058383233532934 0.02058383233532934 0.021706586826347306 0.021706586826347306 0.021706586826347306 0.021706586826347306 0.022080838323353294 0.022080838323353294 0.022080838323353294 0.022080838323353294 
0.011976047904191617 0.01908682634730539 0.023203592814371257 0.023577844311377244 0.023577844311377244 0.024326347305389222 0.02470059880239521 0.02470059880239521 0.02470059880239521 0.02470059880239521 0.02470059880239521 0.02470059880239521 0.025449101796407185 0.025823353293413173 
0.002245508982035928 0.0033682634730538923 0.004116766467065869 0.004116766467065869 0.004116766467065869 0.004491017964071856 0.004491017964071856 0.004491017964071856 0.004491017964071856 0.004491017964071856 0.004491017964071856 0.004491017964071856 0.004491017964071856 0.004491017964071856 
0.002245508982035928 0.0033682634730538923 0.0033682634730538923 0.0033682634730538923 0.0033682634730538923 0.0033682634730538923 0.0033682634730538923 0.0033682634730538923 0.0033682634730538923 0.0033682634730538923 0.0033682634730538923 0.0033682634730538923 0.0033682634730538923 0.0033682634730538923 
0.002619760479041916 0.0029940119760479044 0.0029940119760479044 0.0029940119760479044 0.0029940119760479044 0.0029940119760479044 0.0029940119760479044 0.0029940119760479044 0.0029940119760479044 0.0029940119760479044 0.0029940119760479044 0.0029940119760479044 0.0033682634730538923 0.0033682634730538923 
0.002245508982035928 0.002245508982035928 0.002245508982035928 0.002245508982035928 0.002245508982035928 0.002245508982035928 0.002245508982035928 0.002245508982035928 0.002245508982035928 0.002245508982035928 0.002245508982035928 0.002245508982035928 0.002245508982035928 0.002245508982035928 
0.0033682634730538923 0.00561377245508982 0.005988023952095809 0.005988023952095809 0.005988023952095809 0.005988023952095809 0.005988023952095809 0.005988023952095809 0.005988023952095809 0.005988023952095809 0.005988023952095809 0.005988023952095809 0.005988023952095809 0.005988023952095809 
0.0018712574850299401 0.0048652694610778445 0.005988023952095809 0.005988023952095809 0.005988023952095809 0.005988023952095809 0.005988023952095809 0.005988023952095809 0.006362275449101796 0.006362275449101796 0.007110778443113772 0.0074850299401197605 0.0074850299401197605 0.0074850299401197605 
0.011976047904191617 0.019835329341317365 0.02282934131736527 0.02282934131736527 0.023203592814371257 0.023577844311377244 0.023952095808383235 0.027320359281437126 0.027320359281437126 0.02844311377245509 0.02844311377245509 0.029191616766467067 0.03031437125748503 0.031062874251497005 
0.004116766467065869 0.004116766467065869 0.004116766467065869 0.004116766467065869 0.004116766467065869 0.004116766467065869 0.004116766467065869 0.004116766467065869 0.004116766467065869 0.004116766467065869 0.004116766467065869 0.004116766467065869 0.004116766467065869 0.004116766467065869 
0.007859281437125748 0.012724550898203593 0.014970059880239521 0.014970059880239521 0.014970059880239521 0.014970059880239521 0.014970059880239521 0.0187125748502994 0.019835329341317365 0.019835329341317365 0.019835329341317365 0.019835329341317365 0.020958083832335328 0.023203592814371257 
0.0033682634730538923 0.0033682634730538923 0.0033682634730538923 0.004116766467065869 0.004116766467065869 0.004116766467065869 0.004116766467065869 0.004116766467065869 0.004116766467065869 0.004116766467065869 0.004116766467065869 0.004116766467065869 0.004116766467065869 0.004116766467065869 
0.0033682634730538923 0.004491017964071856 0.004491017964071856 0.004491017964071856 0.0048652694610778445 0.0048652694610778445 0.005239520958083832 0.006362275449101796 0.006362275449101796 0.006362275449101796 0.006736526946107785 0.006736526946107785 0.007110778443113772 0.007110778443113772 
0.0033682634730538923 0.0033682634730538923 0.004116766467065869 0.004116766467065869 0.004116766467065869 0.004116766467065869 0.004491017964071856 0.004491017964071856 0.005239520958083832 0.005988023952095809 0.005988023952095809 0.005988023952095809 0.005988023952095809 0.005988023952095809 
0.0033682634730538923 0.0033682634730538923 0.0033682634730538923 0.0074850299401197605 0.0074850299401197605 0.0074850299401197605 0.0074850299401197605 0.0074850299401197605 0.007859281437125748 0.007859281437125748 0.010479041916167664 0.012724550898203593 0.012724550898203593 0.012724550898203593 
0.0033682634730538923 0.004491017964071856 0.005988023952095809 0.005988023952095809 0.006362275449101796 0.0074850299401197605 0.0093562874251497 0.0093562874251497 0.0093562874251497 0.0093562874251497 0.009730538922155689 0.010104790419161677 0.010104790419161677 0.010104790419161677 
0.002619760479041916 0.0037425149700598802 0.004491017964071856 0.005239520958083832 0.005239520958083832 0.005239520958083832 0.005239520958083832 0.005239520958083832 0.005239520958083832 0.00561377245508982 0.00561377245508982 0.00561377245508982 0.00561377245508982 0.006362275449101796 
0.0037425149700598802 0.0037425149700598802 0.0037425149700598802 0.004116766467065869 0.004116766467065869 0.004116766467065869 0.006362275449101796 0.0074850299401197605 0.0074850299401197605 0.0074850299401197605 0.0074850299401197605 0.007859281437125748 0.007859281437125748 0.007859281437125748 
0.0033682634730538923 0.006736526946107785 0.006736526946107785 0.006736526946107785 0.006736526946107785 0.007859281437125748 0.007859281437125748 0.007859281437125748 0.007859281437125748 0.007859281437125748 0.007859281437125748 0.007859281437125748 0.007859281437125748 0.007859281437125748 
0.001122754491017964 0.0014970059880239522 0.0014970059880239522 0.0014970059880239522 0.0014970059880239522 0.0014970059880239522 0.0014970059880239522 0.0014970059880239522 0.0014970059880239522 0.0018712574850299401 0.0018712574850299401 0.0018712574850299401 0.0018712574850299401 0.0018712574850299401 
0.0048652694610778445 0.012724550898203593 0.01347305389221557 0.01347305389221557 0.013847305389221557 0.014595808383233533 0.015344311377245509 0.016841317365269462 0.018338323353293412 0.019461077844311378 0.019461077844311378 0.020958083832335328 0.020958083832335328 0.02133233532934132 
0.0007485029940119761 0.0007485029940119761 0.0007485029940119761 0.0007485029940119761 0.0007485029940119761 0.0007485029940119761 0.0007485029940119761 0.0007485029940119761 0.0007485029940119761 0.0007485029940119761 0.0007485029940119761 0.0007485029940119761 0.0007485029940119761 0.0007485029940119761 
0.0007485029940119761 0.0007485029940119761 0.001122754491017964 0.0014970059880239522 0.0014970059880239522 0.0014970059880239522 0.0014970059880239522 0.0014970059880239522 0.0014970059880239522 0.0014970059880239522 0.0014970059880239522 0.0014970059880239522 0.0014970059880239522 0.0014970059880239522 
0.011976047904191617 0.019835329341317365 0.023577844311377244 0.023577844311377244 0.023577844311377244 0.023952095808383235 0.025074850299401198 0.025074850299401198 0.025823353293413173 0.025823353293413173 0.025823353293413173 0.025823353293413173 0.025823353293413173 0.025823353293413173 
0.0033682634730538923 0.0033682634730538923 0.0033682634730538923 0.0033682634730538923 0.004116766467065869 0.004116766467065869 0.0048652694610778445 0.005239520958083832 0.00561377245508982 0.00561377245508982 0.006362275449101796 0.006362275449101796 0.006362275449101796 0.007110778443113772 
0.0033682634730538923 0.0033682634730538923 0.0033682634730538923 0.0033682634730538923 0.0033682634730538923 0.0033682634730538923 0.0033682634730538923 0.0033682634730538923 0.0033682634730538923 0.0037425149700598802 0.0037425149700598802 0.0037425149700598802 0.0037425149700598802 0.004116766467065869 
0.002619760479041916 0.0033682634730538923 0.0048652694610778445 0.00561377245508982 0.00561377245508982 0.00561377245508982 0.006362275449101796 0.006362275449101796 0.0074850299401197605 0.0074850299401197605 0.007859281437125748 0.007859281437125748 0.008233532934131737 0.008233532934131737 
0.0033682634730538923 0.004116766467065869 0.004116766467065869 0.004116766467065869 0.004116766467065869 0.004116766467065869 0.004116766467065869 0.004116766467065869 0.004116766467065869 0.004116766467065869 0.004116766467065869 0.004116766467065869 0.004116766467065869 0.004116766467065869 
0.002245508982035928 0.00561377245508982 0.00561377245508982 0.006362275449101796 0.006362275449101796 0.006362275449101796 0.006362275449101796 0.006362275449101796 0.006362275449101796 0.006362275449101796 0.006736526946107785 0.006736526946107785 0.007110778443113772 0.007110778443113772 
0.00037425149700598805 0.0007485029940119761 0.0007485029940119761 0.0007485029940119761 0.0007485029940119761 0.0007485029940119761 0.0007485029940119761 0.0007485029940119761 0.0018712574850299401 0.002245508982035928 0.002245508982035928 0.004491017964071856 0.00561377245508982 0.00561377245508982 
0.002245508982035928 0.002245508982035928 0.0033682634730538923 0.0033682634730538923 0.0033682634730538923 0.0033682634730538923 0.0048652694610778445 0.0048652694610778445 0.0048652694610778445 0.005239520958083832 0.005239520958083832 0.005239520958083832 0.005239520958083832 0.006736526946107785 
0.0033682634730538923 0.0033682634730538923 0.0033682634730538923 0.0033682634730538923 0.0033682634730538923 0.0033682634730538923 0.0033682634730538923 0.0033682634730538923 0.0033682634730538923 0.0033682634730538923 0.0033682634730538923 0.0033682634730538923 0.0033682634730538923 0.0033682634730538923 
0.011976047904191617 0.019835329341317365 0.023203592814371257 0.024326347305389222 0.024326347305389222 0.024326347305389222 0.025449101796407185 0.025449101796407185 0.025449101796407185 0.027694610778443114 0.02844311377245509 0.02844311377245509 0.02844311377245509 0.029191616766467067 
0.00037425149700598805 0.00037425149700598805 0.00037425149700598805 0.00037425149700598805 0.00037425149700598805 0.00037425149700598805 0.00037425149700598805 0.00037425149700598805 0.00037425149700598805 0.00037425149700598805 0.00037425149700598805 0.00037425149700598805 0.00037425149700598805 0.00037425149700598805 
0.002619760479041916 0.00561377245508982 0.00561377245508982 0.00561377245508982 0.00561377245508982 0.00561377245508982 0.00561377245508982 0.00561377245508982 0.00561377245508982 0.005988023952095809 0.005988023952095809 0.005988023952095809 0.005988023952095809 0.006362275449101796 
0.002245508982035928 0.0033682634730538923 0.004491017964071856 0.004491017964071856 0.004491017964071856 0.006736526946107785 0.0074850299401197605 0.0074850299401197605 0.0074850299401197605 0.0074850299401197605 0.0074850299401197605 0.0074850299401197605 0.007859281437125748 0.008607784431137725 
0.002619760479041916 0.00561377245508982 0.00561377245508982 0.00561377245508982 0.00561377245508982 0.00561377245508982 0.00561377245508982 0.00561377245508982 0.00561377245508982 0.00561377245508982 0.00561377245508982 0.00561377245508982 0.00561377245508982 0.00561377245508982 
0.002619760479041916 0.0029940119760479044 0.004491017964071856 0.008233532934131737 0.0093562874251497 0.0093562874251497 0.0093562874251497 0.009730538922155689 0.009730538922155689 0.009730538922155689 0.010479041916167664 0.010853293413173653 0.010853293413173653 0.010853293413173653 
0.011976047904191617 0.02282934131736527 0.02470059880239521 0.025449101796407185 0.025449101796407185 0.027694610778443114 0.027694610778443114 0.027694610778443114 0.03181137724550898 0.03293413173652695 0.03293413173652695 0.03330838323353293 0.03330838323353293 0.03330838323353293 
0.004116766467065869 0.007859281437125748 0.008982035928143712 0.0093562874251497 0.0093562874251497 0.014970059880239521 0.015344311377245509 0.015344311377245509 0.016092814371257484 0.016841317365269462 0.01721556886227545 0.017964071856287425 0.018338323353293412 0.019835329341317365 
0.002245508982035928 0.002245508982035928 0.002245508982035928 0.002245508982035928 0.002245508982035928 0.002245508982035928 0.0029940119760479044 0.0029940119760479044 0.0029940119760479044 0.0029940119760479044 0.0029940119760479044 0.0029940119760479044 0.0029940119760479044 0.0029940119760479044 
0.0033682634730538923 0.0033682634730538923 0.0033682634730538923 0.0033682634730538923 0.0033682634730538923 0.0033682634730538923 0.0033682634730538923 0.0033682634730538923 0.0033682634730538923 0.0033682634730538923 0.0033682634730538923 0.0033682634730538923 0.0033682634730538923 0.0033682634730538923 
0.005239520958083832 0.010104790419161677 0.010479041916167664 0.010479041916167664 0.010479041916167664 0.010479041916167664 0.014221556886227544 0.014221556886227544 0.014221556886227544 0.022080838323353294 0.022080838323353294 0.022080838323353294 0.023577844311377244 0.023577844311377244 
0.011976047904191617 0.02282934131736527 0.02881736526946108 0.03330838323353293 0.03330838323353293 0.033682634730538924 0.03480538922155688 0.03592814371257485 0.03630239520958084 0.03630239520958084 0.036676646706586824 0.0374251497005988 0.03817365269461078 0.03817365269461078 
0.004491017964071856 0.006362275449101796 0.006736526946107785 0.007110778443113772 0.007110778443113772 0.007110778443113772 0.007110778443113772 0.0074850299401197605 0.007859281437125748 0.007859281437125748 0.007859281437125748 0.007859281437125748 0.007859281437125748 0.007859281437125748 
0.0037425149700598802 0.0037425149700598802 0.0037425149700598802 0.0037425149700598802 0.004491017964071856 0.004491017964071856 0.004491017964071856 0.004491017964071856 0.004491017964071856 0.004491017964071856 0.004491017964071856 0.007110778443113772 0.0074850299401197605 0.008233532934131737 
0.002619760479041916 0.0029940119760479044 0.0033682634730538923 0.0037425149700598802 0.0037425149700598802 0.0037425149700598802 0.0037425149700598802 0.0037425149700598802 0.0037425149700598802 0.0037425149700598802 0.0037425149700598802 0.0037425149700598802 0.0037425149700598802 0.0037425149700598802 
0.0037425149700598802 0.0037425149700598802 0.0037425149700598802 0.0037425149700598802 0.0037425149700598802 0.0037425149700598802 0.0037425149700598802 0.0037425149700598802 0.0037425149700598802 0.0037425149700598802 0.0037425149700598802 0.0037425149700598802 0.0037425149700598802 0.0037425149700598802 
0.002619760479041916 0.002619760479041916 0.002619760479041916 0.002619760479041916 0.002619760479041916 0.002619760479041916 0.002619760479041916 0.002619760479041916 0.002619760479041916 0.002619760479041916 0.002619760479041916 0.002619760479041916 0.002619760479041916 0.002619760479041916 
0.0007485029940119761 0.0007485029940119761 0.0007485029940119761 0.0007485029940119761 0.001122754491017964 0.001122754491017964 0.0018712574850299401 0.002245508982035928 0.002245508982035928 0.002619760479041916 0.002619760479041916 0.0029940119760479044 0.0029940119760479044 0.0029940119760479044 
0.0033682634730538923 0.0033682634730538923 0.0033682634730538923 0.004491017964071856 0.0048652694610778445 0.00561377245508982 0.006362275449101796 0.0074850299401197605 0.007859281437125748 0.008233532934131737 0.008233532934131737 0.008607784431137725 0.008607784431137725 0.008607784431137725 
0.002245508982035928 0.002245508982035928 0.002245508982035928 0.002245508982035928 0.002245508982035928 0.002245508982035928 0.002245508982035928 0.002245508982035928 0.002245508982035928 0.002245508982035928 0.002245508982035928 0.002245508982035928 0.002245508982035928 0.002245508982035928 
0.0033682634730538923 0.005239520958083832 0.005239520958083832 0.005239520958083832 0.005239520958083832 0.005239520958083832 0.005239520958083832 0.005239520958083832 0.005239520958083832 0.005239520958083832 0.005239520958083832 0.005239520958083832 0.005239520958083832 0.005239520958083832 
0.004116766467065869 0.00561377245508982 0.00561377245508982 0.00561377245508982 0.00561377245508982 0.00561377245508982 0.00561377245508982 0.00561377245508982 0.00561377245508982 0.00561377245508982 0.00561377245508982 0.00561377245508982 0.00561377245508982 0.00561377245508982 
0.002619760479041916 0.0029940119760479044 0.0029940119760479044 0.0029940119760479044 0.0029940119760479044 0.0033682634730538923 0.0033682634730538923 0.0033682634730538923 0.0033682634730538923 0.0033682634730538923 0.0033682634730538923 0.0033682634730538923 0.0037425149700598802 0.0037425149700598802 
0.0014970059880239522 0.0014970059880239522 0.0014970059880239522 0.0018712574850299401 0.002245508982035928 0.002245508982035928 0.002245508982035928 0.002245508982035928 0.002245508982035928 0.002245508982035928 0.002245508982035928 0.002245508982035928 0.002245508982035928 0.002245508982035928 
0.0033682634730538923 0.0033682634730538923 0.0033682634730538923 0.0033682634730538923 0.0033682634730538923 0.0033682634730538923 0.0033682634730538923 0.0033682634730538923 0.0033682634730538923 0.0033682634730538923 0.0033682634730538923 0.0033682634730538923 0.0033682634730538923 0.0033682634730538923 
0.004491017964071856 0.0074850299401197605 0.0074850299401197605 0.008233532934131737 0.008607784431137725 0.009730538922155689 0.010479041916167664 0.010853293413173653 0.010853293413173653 0.010853293413173653 0.011601796407185628 0.011601796407185628 0.011601796407185628 0.011601796407185628 
0.0033682634730538923 0.006736526946107785 0.006736526946107785 0.007110778443113772 0.0074850299401197605 0.0074850299401197605 0.0074850299401197605 0.0074850299401197605 0.0074850299401197605 0.0074850299401197605 0.0074850299401197605 0.0074850299401197605 0.0074850299401197605 0.0074850299401197605 
0.0007485029940119761 0.002619760479041916 0.002619760479041916 0.002619760479041916 0.0037425149700598802 0.004116766467065869 0.004116766467065869 0.004116766467065869 0.004116766467065869 0.0048652694610778445 0.0048652694610778445 0.0048652694610778445 0.0048652694610778445 0.0048652694610778445 
0.0033682634730538923 0.006736526946107785 0.007110778443113772 0.007110778443113772 0.007110778443113772 0.007859281437125748 0.007859281437125748 0.007859281437125748 0.008233532934131737 0.008233532934131737 0.008233532934131737 0.008607784431137725 0.008982035928143712 0.008982035928143712 
0.0033682634730538923 0.0033682634730538923 0.006736526946107785 0.0074850299401197605 0.007859281437125748 0.009730538922155689 0.009730538922155689 0.010853293413173653 0.010853293413173653 0.01309880239520958 0.014595808383233533 0.014595808383233533 0.014595808383233533 0.014595808383233533 
0.011976047904191617 0.019461077844311378 0.027320359281437126 0.030688622754491017 0.031062874251497005 0.031062874251497005 0.031062874251497005 0.031062874251497005 0.03630239520958084 0.038547904191616765 0.0407934131736527 0.04303892215568862 0.04303892215568862 0.0437874251497006 
0.0018712574850299401 0.0018712574850299401 0.002245508982035928 0.002245508982035928 0.002245508982035928 0.002245508982035928 0.002245508982035928 0.002245508982035928 0.002619760479041916 0.002619760479041916 0.0033682634730538923 0.0037425149700598802 0.0037425149700598802 0.0037425149700598802 
0.010853293413173653 0.01309880239520958 0.014970059880239521 0.02058383233532934 0.02133233532934132 0.030688622754491017 0.031062874251497005 0.03218562874251497 0.03255988023952096 0.03255988023952096 0.03255988023952096 0.03293413173652695 0.03330838323353293 0.033682634730538924 
0.0033682634730538923 0.0033682634730538923 0.0033682634730538923 0.004116766467065869 0.004116766467065869 0.004116766467065869 0.004116766467065869 0.004116766467065869 0.004116766467065869 0.0048652694610778445 0.005239520958083832 0.00561377245508982 0.00561377245508982 0.00561377245508982 
0.011976047904191617 0.015718562874251496 0.023203592814371257 0.023577844311377244 0.025074850299401198 0.02881736526946108 0.02881736526946108 0.02881736526946108 0.02881736526946108 0.029565868263473054 0.030688622754491017 0.030688622754491017 0.030688622754491017 0.031062874251497005 
0.007859281437125748 0.01309880239520958 0.014970059880239521 0.019461077844311378 0.019461077844311378 0.02133233532934132 0.02133233532934132 0.02133233532934132 0.02133233532934132 0.021706586826347306 0.021706586826347306 0.021706586826347306 0.021706586826347306 0.021706586826347306 
0.001122754491017964 0.001122754491017964 0.001122754491017964 0.001122754491017964 0.001122754491017964 0.001122754491017964 0.001122754491017964 0.001122754491017964 0.001122754491017964 0.001122754491017964 0.001122754491017964 0.001122754491017964 0.001122754491017964 0.001122754491017964 
0.011976047904191617 0.019461077844311378 0.02133233532934132 0.02245508982035928 0.02245508982035928 0.02282934131736527 0.024326347305389222 0.027694610778443114 0.0280688622754491 0.02844311377245509 0.02844311377245509 0.02844311377245509 0.02844311377245509 0.02844311377245509 
0.002245508982035928 0.002245508982035928 0.002245508982035928 0.002245508982035928 0.002245508982035928 0.008233532934131737 0.011601796407185628 0.01309880239520958 0.01309880239520958 0.01347305389221557 0.01347305389221557 0.01347305389221557 0.01347305389221557 0.01347305389221557 
0.0 0.0007485029940119761 0.0007485029940119761 0.0007485029940119761 0.0007485029940119761 0.0007485029940119761 0.0007485029940119761 0.0007485029940119761 0.0007485029940119761 0.0007485029940119761 0.0007485029940119761 0.0007485029940119761 0.0007485029940119761 0.0007485029940119761 
0.0033682634730538923 0.00561377245508982 0.006362275449101796 0.0074850299401197605 0.0074850299401197605 0.010104790419161677 0.01122754491017964 0.01122754491017964 0.012350299401197605 0.013847305389221557 0.014221556886227544 0.014970059880239521 0.015718562874251496 0.015718562874251496 
0.0033682634730538923 0.0033682634730538923 0.006736526946107785 0.006736526946107785 0.006736526946107785 0.006736526946107785 0.006736526946107785 0.006736526946107785 0.007110778443113772 0.007110778443113772 0.007110778443113772 0.007110778443113772 0.007110778443113772 0.007110778443113772 
0.002619760479041916 0.005988023952095809 0.005988023952095809 0.005988023952095809 0.005988023952095809 0.005988023952095809 0.0074850299401197605 0.0074850299401197605 0.007859281437125748 0.008607784431137725 0.008982035928143712 0.008982035928143712 0.008982035928143712 0.008982035928143712 
0.001122754491017964 0.0014970059880239522 0.0018712574850299401 0.0018712574850299401 0.0018712574850299401 0.0018712574850299401 0.0018712574850299401 0.0018712574850299401 0.0018712574850299401 0.0018712574850299401 0.0018712574850299401 0.0018712574850299401 0.0018712574850299401 0.0018712574850299401 
0.0007485029940119761 0.0007485029940119761 0.0007485029940119761 0.0007485029940119761 0.0007485029940119761 0.0007485029940119761 0.001122754491017964 0.0014970059880239522 0.0014970059880239522 0.0014970059880239522 0.0014970059880239522 0.0014970059880239522 0.0018712574850299401 0.0018712574850299401 
0.002619760479041916 0.00561377245508982 0.00561377245508982 0.00561377245508982 0.00561377245508982 0.00561377245508982 0.00561377245508982 0.00561377245508982 0.00561377245508982 0.00561377245508982 0.005988023952095809 0.006362275449101796 0.006362275449101796 0.006362275449101796 
0.01122754491017964 0.0187125748502994 0.019835329341317365 0.019835329341317365 0.02619760479041916 0.027694610778443114 0.029191616766467067 0.029191616766467067 0.029191616766467067 0.029191616766467067 0.029565868263473054 0.029565868263473054 0.03255988023952096 0.03255988023952096 
0.0014970059880239522 0.0014970059880239522 0.0018712574850299401 0.0018712574850299401 0.0018712574850299401 0.0018712574850299401 0.0018712574850299401 0.0018712574850299401 0.0018712574850299401 0.0018712574850299401 0.0018712574850299401 0.0018712574850299401 0.0018712574850299401 0.0018712574850299401 
0.0029940119760479044 0.0029940119760479044 0.0033682634730538923 0.0048652694610778445 0.0048652694610778445 0.0048652694610778445 0.0048652694610778445 0.0048652694610778445 0.005239520958083832 0.005239520958083832 0.005239520958083832 0.005239520958083832 0.005239520958083832 0.005239520958083832 
0.0033682634730538923 0.0033682634730538923 0.0037425149700598802 0.004116766467065869 0.004116766467065869 0.004491017964071856 0.0048652694610778445 0.005239520958083832 0.005239520958083832 0.005239520958083832 0.005239520958083832 0.005239520958083832 0.005239520958083832 0.00561377245508982 
0.0033682634730538923 0.0037425149700598802 0.0037425149700598802 0.0037425149700598802 0.0037425149700598802 0.0037425149700598802 0.0037425149700598802 0.0037425149700598802 0.0037425149700598802 0.0037425149700598802 0.0037425149700598802 0.0037425149700598802 0.0037425149700598802 0.0037425149700598802 
0.002619760479041916 0.0037425149700598802 0.007110778443113772 0.007110778443113772 0.007859281437125748 0.007859281437125748 0.007859281437125748 0.008233532934131737 0.008607784431137725 0.008607784431137725 0.009730538922155689 0.009730538922155689 0.010104790419161677 0.010104790419161677 
0.002245508982035928 0.00561377245508982 0.005988023952095809 0.005988023952095809 0.005988023952095809 0.005988023952095809 0.005988023952095809 0.005988023952095809 0.005988023952095809 0.005988023952095809 0.006362275449101796 0.006362275449101796 0.006736526946107785 0.006736526946107785 
0.011976047904191617 0.019461077844311378 0.019461077844311378 0.02133233532934132 0.02133233532934132 0.02133233532934132 0.02133233532934132 0.02133233532934132 0.02133233532934132 0.022080838323353294 0.022080838323353294 0.022080838323353294 0.022080838323353294 0.02282934131736527 
0.0033682634730538923 0.006736526946107785 0.006736526946107785 0.006736526946107785 0.007110778443113772 0.007859281437125748 0.007859281437125748 0.008233532934131737 0.008233532934131737 0.008233532934131737 0.008233532934131737 0.008233532934131737 0.008233532934131737 0.008233532934131737 
0.002245508982035928 0.0033682634730538923 0.004491017964071856 0.004491017964071856 0.007859281437125748 0.007859281437125748 0.007859281437125748 0.007859281437125748 0.007859281437125748 0.007859281437125748 0.007859281437125748 0.007859281437125748 0.007859281437125748 0.007859281437125748 
0.0029940119760479044 0.0029940119760479044 0.0033682634730538923 0.0033682634730538923 0.0033682634730538923 0.0033682634730538923 0.0033682634730538923 0.0033682634730538923 0.0033682634730538923 0.0033682634730538923 0.0033682634730538923 0.0033682634730538923 0.0033682634730538923 0.0033682634730538923 
0.007110778443113772 0.007110778443113772 0.008233532934131737 0.008982035928143712 0.008982035928143712 0.008982035928143712 0.008982035928143712 0.0093562874251497 0.0093562874251497 0.0093562874251497 0.0093562874251497 0.0093562874251497 0.0093562874251497 0.0093562874251497 
0.0029940119760479044 0.004116766467065869 0.005239520958083832 0.007859281437125748 0.008233532934131737 0.008233532934131737 0.008233532934131737 0.008233532934131737 0.008233532934131737 0.0093562874251497 0.0093562874251497 0.0093562874251497 0.009730538922155689 0.009730538922155689 
0.002245508982035928 0.002245508982035928 0.002245508982035928 0.002245508982035928 0.002245508982035928 0.002245508982035928 0.002245508982035928 0.002245508982035928 0.002245508982035928 0.002245508982035928 0.002245508982035928 0.002245508982035928 0.002245508982035928 0.002245508982035928 
0.0 0.0 0.0 0.0 0.0 0.0 0.0 0.0 0.0 0.0 0.0 0.0 0.0 0.0 
0.0033682634730538923 0.006736526946107785 0.006736526946107785 0.007110778443113772 0.007110778443113772 0.007110778443113772 0.0074850299401197605 0.007859281437125748 0.007859281437125748 0.007859281437125748 0.007859281437125748 0.007859281437125748 0.007859281437125748 0.007859281437125748 
0.0033682634730538923 0.004491017964071856 0.006736526946107785 0.0093562874251497 0.0093562874251497 0.0093562874251497 0.0093562874251497 0.0093562874251497 0.009730538922155689 0.009730538922155689 0.009730538922155689 0.009730538922155689 0.009730538922155689 0.010104790419161677 
0.004116766467065869 0.004491017964071856 0.005239520958083832 0.00561377245508982 0.00561377245508982 0.00561377245508982 0.00561377245508982 0.00561377245508982 0.00561377245508982 0.00561377245508982 0.00561377245508982 0.00561377245508982 0.00561377245508982 0.00561377245508982 
0.011976047904191617 0.015718562874251496 0.027694610778443114 0.03592814371257485 0.03817365269461078 0.03817365269461078 0.03817365269461078 0.03817365269461078 0.03817365269461078 0.038922155688622756 0.038922155688622756 0.038922155688622756 0.038922155688622756 0.038922155688622756 
0.0014970059880239522 0.0029940119760479044 0.0029940119760479044 0.0033682634730538923 0.0033682634730538923 0.0033682634730538923 0.0033682634730538923 0.0037425149700598802 0.0037425149700598802 0.0037425149700598802 0.004116766467065869 0.004116766467065869 0.004491017964071856 0.004491017964071856 
0.0037425149700598802 0.0037425149700598802 0.0037425149700598802 0.004116766467065869 0.004491017964071856 0.004491017964071856 0.004491017964071856 0.004491017964071856 0.004491017964071856 0.004491017964071856 0.004491017964071856 0.0048652694610778445 0.0048652694610778445 0.0048652694610778445 
0.011976047904191617 0.020209580838323353 0.02058383233532934 0.020958083832335328 0.02844311377245509 0.02881736526946108 0.03293413173652695 0.033682634730538924 0.03405688622754491 0.03405688622754491 0.0344311377245509 0.0344311377245509 0.0344311377245509 0.0344311377245509 
0.0033682634730538923 0.0048652694610778445 0.0048652694610778445 0.0048652694610778445 0.0048652694610778445 0.0048652694610778445 0.0048652694610778445 0.0048652694610778445 0.0048652694610778445 0.0048652694610778445 0.0048652694610778445 0.0048652694610778445 0.0048652694610778445 0.0048652694610778445 
0.011976047904191617 0.019461077844311378 0.02694610778443114 0.029565868263473054 0.031062874251497005 0.031062874251497005 0.031062874251497005 0.031062874251497005 0.03143712574850299 0.03143712574850299 0.03218562874251497 0.03218562874251497 0.03293413173652695 0.033682634730538924 
0.002245508982035928 0.00561377245508982 0.00561377245508982 0.00561377245508982 0.00561377245508982 0.00561377245508982 0.00561377245508982 0.00561377245508982 0.005988023952095809 0.006362275449101796 0.006362275449101796 0.006362275449101796 0.006736526946107785 0.006736526946107785 
0.002619760479041916 0.00561377245508982 0.00561377245508982 0.00561377245508982 0.00561377245508982 0.00561377245508982 0.00561377245508982 0.007859281437125748 0.007859281437125748 0.007859281437125748 0.007859281437125748 0.007859281437125748 0.007859281437125748 0.007859281437125748 
0.011976047904191617 0.019461077844311378 0.019461077844311378 0.02133233532934132 0.027320359281437126 0.03031437125748503 0.03031437125748503 0.035179640718562874 0.037050898203592815 0.037050898203592815 0.03779940119760479 0.03817365269461078 0.03817365269461078 0.03817365269461078 
0.004116766467065869 0.004116766467065869 0.004116766467065869 0.004116766467065869 0.004116766467065869 0.004116766467065869 0.004116766467065869 0.004116766467065869 0.004116766467065869 0.004116766467065869 0.004116766467065869 0.004116766467065869 0.004116766467065869 0.004116766467065869 
0.011976047904191617 0.019835329341317365 0.02881736526946108 0.03031437125748503 0.03143712574850299 0.03181137724550898 0.03330838323353293 0.03480538922155688 0.035553892215568865 0.03592814371257485 0.03592814371257485 0.0374251497005988 0.03967065868263473 0.04004491017964072 
0.0033682634730538923 0.0033682634730538923 0.0033682634730538923 0.0033682634730538923 0.0033682634730538923 0.0033682634730538923 0.0033682634730538923 0.0033682634730538923 0.0033682634730538923 0.0033682634730538923 0.0033682634730538923 0.0033682634730538923 0.0033682634730538923 0.0033682634730538923 
0.0 0.0 0.0 0.0 0.0 0.0 0.0 0.0 0.0 0.0 0.0 0.0 0.0 0.0 
0.0037425149700598802 0.0037425149700598802 0.0037425149700598802 0.0037425149700598802 0.0037425149700598802 0.0037425149700598802 0.0037425149700598802 0.0037425149700598802 0.0037425149700598802 0.0037425149700598802 0.0037425149700598802 0.0037425149700598802 0.0037425149700598802 0.0037425149700598802 
0.004491017964071856 0.005239520958083832 0.006362275449101796 0.007110778443113772 0.007110778443113772 0.008233532934131737 0.008233532934131737 0.0093562874251497 0.010853293413173653 0.010853293413173653 0.010853293413173653 0.01122754491017964 0.01122754491017964 0.01122754491017964 
0.0033682634730538923 0.006736526946107785 0.006736526946107785 0.0074850299401197605 0.0074850299401197605 0.0074850299401197605 0.0074850299401197605 0.0074850299401197605 0.0074850299401197605 0.0074850299401197605 0.0074850299401197605 0.008607784431137725 0.008607784431137725 0.008607784431137725 
0.002245508982035928 0.002245508982035928 0.002245508982035928 0.002245508982035928 0.002245508982035928 0.002245508982035928 0.002245508982035928 0.002245508982035928 0.002245508982035928 0.002245508982035928 0.002245508982035928 0.002245508982035928 0.002245508982035928 0.002245508982035928 
0.0033682634730538923 0.0033682634730538923 0.0033682634730538923 0.0033682634730538923 0.0033682634730538923 0.0033682634730538923 0.0033682634730538923 0.0033682634730538923 0.0033682634730538923 0.0033682634730538923 0.0033682634730538923 0.0033682634730538923 0.0033682634730538923 0.0033682634730538923 
0.0029940119760479044 0.0029940119760479044 0.0029940119760479044 0.0029940119760479044 0.0029940119760479044 0.0029940119760479044 0.0029940119760479044 0.0029940119760479044 0.0029940119760479044 0.0029940119760479044 0.0029940119760479044 0.0029940119760479044 0.0029940119760479044 0.0029940119760479044 
0.0048652694610778445 0.010853293413173653 0.01309880239520958 0.013847305389221557 0.013847305389221557 0.014221556886227544 0.014221556886227544 0.014221556886227544 0.014970059880239521 0.016092814371257484 0.016092814371257484 0.016467065868263474 0.016467065868263474 0.016467065868263474 
0.0033682634730538923 0.004491017964071856 0.004491017964071856 0.004491017964071856 0.006362275449101796 0.006362275449101796 0.006362275449101796 0.007110778443113772 0.007110778443113772 0.007110778443113772 0.007110778443113772 0.007110778443113772 0.007110778443113772 0.007110778443113772 
0.0029940119760479044 0.0029940119760479044 0.0029940119760479044 0.0029940119760479044 0.0029940119760479044 0.0029940119760479044 0.0029940119760479044 0.0029940119760479044 0.0029940119760479044 0.0029940119760479044 0.0029940119760479044 0.0029940119760479044 0.0029940119760479044 0.0029940119760479044 
0.0048652694610778445 0.013847305389221557 0.01721556886227545 0.0187125748502994 0.020958083832335328 0.02133233532934132 0.022080838323353294 0.023577844311377244 0.023577844311377244 0.023577844311377244 0.023577844311377244 0.023577844311377244 0.023577844311377244 0.023577844311377244 
0.010853293413173653 0.015344311377245509 0.015718562874251496 0.015718562874251496 0.016092814371257484 0.016092814371257484 0.016092814371257484 0.016092814371257484 0.016092814371257484 0.016092814371257484 0.016092814371257484 0.016092814371257484 0.016092814371257484 0.016092814371257484 
0.0033682634730538923 0.0033682634730538923 0.0033682634730538923 0.0033682634730538923 0.0033682634730538923 0.0033682634730538923 0.0033682634730538923 0.0033682634730538923 0.0033682634730538923 0.0033682634730538923 0.0037425149700598802 0.0037425149700598802 0.0037425149700598802 0.0037425149700598802 
0.0007485029940119761 0.0007485029940119761 0.002619760479041916 0.006362275449101796 0.006362275449101796 0.008233532934131737 0.008233532934131737 0.008233532934131737 0.008233532934131737 0.008233532934131737 0.008607784431137725 0.008607784431137725 0.008607784431137725 0.008607784431137725 
0.0029940119760479044 0.005988023952095809 0.005988023952095809 0.006362275449101796 0.008233532934131737 0.008982035928143712 0.0093562874251497 0.0093562874251497 0.0093562874251497 0.009730538922155689 0.009730538922155689 0.009730538922155689 0.009730538922155689 0.010104790419161677 
0.002245508982035928 0.002245508982035928 0.002245508982035928 0.0029940119760479044 0.0029940119760479044 0.0029940119760479044 0.0029940119760479044 0.0029940119760479044 0.0033682634730538923 0.0033682634730538923 0.004116766467065869 0.004116766467065869 0.006362275449101796 0.008233532934131737 
0.0033682634730538923 0.006736526946107785 0.008607784431137725 0.008607784431137725 0.008607784431137725 0.008607784431137725 0.008607784431137725 0.008607784431137725 0.008607784431137725 0.008607784431137725 0.008607784431137725 0.008607784431137725 0.008982035928143712 0.0093562874251497 
0.001122754491017964 0.001122754491017964 0.001122754491017964 0.001122754491017964 0.001122754491017964 0.001122754491017964 0.001122754491017964 0.001122754491017964 0.001122754491017964 0.001122754491017964 0.001122754491017964 0.001122754491017964 0.001122754491017964 0.001122754491017964 
0.0014970059880239522 0.0014970059880239522 0.005239520958083832 0.00561377245508982 0.005988023952095809 0.006362275449101796 0.006362275449101796 0.007110778443113772 0.007110778443113772 0.0074850299401197605 0.0074850299401197605 0.0074850299401197605 0.0074850299401197605 0.007859281437125748 
0.0037425149700598802 0.0037425149700598802 0.0037425149700598802 0.0037425149700598802 0.0037425149700598802 0.0037425149700598802 0.0037425149700598802 0.0037425149700598802 0.0037425149700598802 0.0037425149700598802 0.0037425149700598802 0.0037425149700598802 0.0037425149700598802 0.0037425149700598802 
0.002245508982035928 0.005988023952095809 0.005988023952095809 0.005988023952095809 0.005988023952095809 0.005988023952095809 0.005988023952095809 0.005988023952095809 0.005988023952095809 0.005988023952095809 0.005988023952095809 0.005988023952095809 0.005988023952095809 0.005988023952095809 
0.0033682634730538923 0.006736526946107785 0.006736526946107785 0.007859281437125748 0.008233532934131737 0.01122754491017964 0.01122754491017964 0.01122754491017964 0.011976047904191617 0.011976047904191617 0.01309880239520958 0.01347305389221557 0.01347305389221557 0.01347305389221557 
0.01122754491017964 0.01908682634730539 0.027694610778443114 0.02844311377245509 0.03330838323353293 0.03405688622754491 0.03630239520958084 0.03630239520958084 0.03630239520958084 0.0374251497005988 0.03779940119760479 0.038547904191616765 0.038922155688622756 0.03929640718562874 
0.0033682634730538923 0.006736526946107785 0.006736526946107785 0.008233532934131737 0.0093562874251497 0.012724550898203593 0.014221556886227544 0.014221556886227544 0.014221556886227544 0.014595808383233533 0.016092814371257484 0.016092814371257484 0.016092814371257484 0.016467065868263474 
0.002245508982035928 0.00561377245508982 0.005988023952095809 0.008982035928143712 0.0093562874251497 0.010853293413173653 0.013847305389221557 0.015344311377245509 0.015344311377245509 0.015344311377245509 0.015718562874251496 0.015718562874251496 0.015718562874251496 0.016092814371257484 
0.0033682634730538923 0.0033682634730538923 0.004116766467065869 0.004116766467065869 0.004116766467065869 0.0048652694610778445 0.005239520958083832 0.005239520958083832 0.00561377245508982 0.00561377245508982 0.006362275449101796 0.006362275449101796 0.006362275449101796 0.006362275449101796 
0.002245508982035928 0.005239520958083832 0.005239520958083832 0.005239520958083832 0.005239520958083832 0.005239520958083832 0.005239520958083832 0.005239520958083832 0.005239520958083832 0.005239520958083832 0.005239520958083832 0.005239520958083832 0.005239520958083832 0.005239520958083832 
0.0033682634730538923 0.0033682634730538923 0.004116766467065869 0.0048652694610778445 0.0048652694610778445 0.0048652694610778445 0.0048652694610778445 0.0048652694610778445 0.0048652694610778445 0.0048652694610778445 0.0048652694610778445 0.0048652694610778445 0.0048652694610778445 0.0048652694610778445 
0.002245508982035928 0.00561377245508982 0.006362275449101796 0.007859281437125748 0.009730538922155689 0.01122754491017964 0.01122754491017964 0.011601796407185628 0.011601796407185628 0.011601796407185628 0.011601796407185628 0.012350299401197605 0.014221556886227544 0.014595808383233533 
0.01122754491017964 0.01908682634730539 0.022080838323353294 0.022080838323353294 0.023203592814371257 0.023577844311377244 0.024326347305389222 0.02619760479041916 0.03031437125748503 0.03031437125748503 0.03031437125748503 0.03031437125748503 0.03181137724550898 0.03218562874251497 
0.004116766467065869 0.005239520958083832 0.005239520958083832 0.005239520958083832 0.0074850299401197605 0.007859281437125748 0.007859281437125748 0.007859281437125748 0.007859281437125748 0.007859281437125748 0.007859281437125748 0.007859281437125748 0.007859281437125748 0.007859281437125748 
0.002245508982035928 0.002245508982035928 0.00561377245508982 0.006362275449101796 0.008982035928143712 0.008982035928143712 0.009730538922155689 0.010479041916167664 0.010479041916167664 0.010479041916167664 0.010479041916167664 0.01122754491017964 0.011976047904191617 0.011976047904191617 
0.002245508982035928 0.002245508982035928 0.002245508982035928 0.0033682634730538923 0.0033682634730538923 0.0033682634730538923 0.0033682634730538923 0.0033682634730538923 0.0033682634730538923 0.0033682634730538923 0.0033682634730538923 0.0033682634730538923 0.0033682634730538923 0.0033682634730538923 
0.0033682634730538923 0.006736526946107785 0.007110778443113772 0.007110778443113772 0.007110778443113772 0.007859281437125748 0.007859281437125748 0.008607784431137725 0.008607784431137725 0.008607784431137725 0.008607784431137725 0.008607784431137725 0.008607784431137725 0.008607784431137725 
0.002245508982035928 0.004116766467065869 0.004116766467065869 0.004116766467065869 0.004116766467065869 0.004116766467065869 0.004116766467065869 0.004116766467065869 0.004491017964071856 0.004491017964071856 0.004491017964071856 0.004491017964071856 0.004491017964071856 0.0048652694610778445 
0.0033682634730538923 0.004491017964071856 0.004491017964071856 0.005239520958083832 0.00561377245508982 0.00561377245508982 0.006362275449101796 0.0074850299401197605 0.008233532934131737 0.008233532934131737 0.008233532934131737 0.008233532934131737 0.008233532934131737 0.008233532934131737 
0.004491017964071856 0.012724550898203593 0.01309880239520958 0.014221556886227544 0.014595808383233533 0.015344311377245509 0.015344311377245509 0.015344311377245509 0.015718562874251496 0.015718562874251496 0.01721556886227545 0.01721556886227545 0.01721556886227545 0.01721556886227545 
0.01122754491017964 0.01908682634730539 0.020209580838323353 0.021706586826347306 0.025449101796407185 0.025449101796407185 0.02619760479041916 0.02619760479041916 0.03031437125748503 0.03031437125748503 0.03143712574850299 0.03143712574850299 0.03181137724550898 0.036676646706586824 
0.0033682634730538923 0.0033682634730538923 0.0033682634730538923 0.0033682634730538923 0.004116766467065869 0.004116766467065869 0.004491017964071856 0.004491017964071856 0.004491017964071856 0.004491017964071856 0.004491017964071856 0.004491017964071856 0.004491017964071856 0.004491017964071856 
0.002619760479041916 0.002619760479041916 0.0033682634730538923 0.0033682634730538923 0.0033682634730538923 0.0037425149700598802 0.004116766467065869 0.004116766467065869 0.004116766467065869 0.004116766467065869 0.004116766467065869 0.004116766467065869 0.004116766467065869 0.004116766467065869 
0.0 0.0 0.0 0.0 0.0 0.0 0.0 0.0 0.0 0.0 0.00037425149700598805 0.00037425149700598805 0.00037425149700598805 0.00037425149700598805 
0.002619760479041916 0.00561377245508982 0.00561377245508982 0.00561377245508982 0.00561377245508982 0.00561377245508982 0.00561377245508982 0.005988023952095809 0.005988023952095809 0.005988023952095809 0.007110778443113772 0.007110778443113772 0.007110778443113772 0.007110778443113772 
0.011976047904191617 0.019835329341317365 0.020209580838323353 0.020958083832335328 0.020958083832335328 0.02245508982035928 0.02245508982035928 0.02245508982035928 0.023203592814371257 0.023952095808383235 0.023952095808383235 0.02470059880239521 0.02470059880239521 0.02470059880239521 
0.002245508982035928 0.002245508982035928 0.0033682634730538923 0.0033682634730538923 0.0033682634730538923 0.0033682634730538923 0.0033682634730538923 0.0033682634730538923 0.0033682634730538923 0.0033682634730538923 0.0033682634730538923 0.0033682634730538923 0.0033682634730538923 0.0033682634730538923 
0.010853293413173653 0.010853293413173653 0.010853293413173653 0.010853293413173653 0.010853293413173653 0.010853293413173653 0.01122754491017964 0.01122754491017964 0.01122754491017964 0.01122754491017964 0.019461077844311378 0.020958083832335328 0.02133233532934132 0.02133233532934132 
0.0033682634730538923 0.004491017964071856 0.0048652694610778445 0.0074850299401197605 0.0093562874251497 0.0093562874251497 0.0093562874251497 0.0093562874251497 0.0093562874251497 0.0093562874251497 0.0093562874251497 0.0093562874251497 0.0093562874251497 0.0093562874251497 
0.004491017964071856 0.005988023952095809 0.010853293413173653 0.010853293413173653 0.010853293413173653 0.011601796407185628 0.011601796407185628 0.011601796407185628 0.011976047904191617 0.011976047904191617 0.011976047904191617 0.011976047904191617 0.011976047904191617 0.011976047904191617 
0.0033682634730538923 0.0033682634730538923 0.0033682634730538923 0.0033682634730538923 0.0033682634730538923 0.0033682634730538923 0.0033682634730538923 0.0037425149700598802 0.0037425149700598802 0.0037425149700598802 0.0037425149700598802 0.0037425149700598802 0.0037425149700598802 0.0037425149700598802 
0.004491017964071856 0.013847305389221557 0.017589820359281437 0.017589820359281437 0.017589820359281437 0.018338323353293412 0.0187125748502994 0.0187125748502994 0.0187125748502994 0.0187125748502994 0.0187125748502994 0.0187125748502994 0.0187125748502994 0.0187125748502994 
0.011976047904191617 0.019835329341317365 0.020958083832335328 0.02245508982035928 0.02245508982035928 0.02245508982035928 0.02245508982035928 0.02245508982035928 0.025823353293413173 0.02881736526946108 0.029940119760479042 0.029940119760479042 0.029940119760479042 0.029940119760479042 
