0.33962264150943394 0.20833333333333334 0.20408163265306123 0.20833333333333334 0.20833333333333334 0.35294117647058826 0.36 0.36 0.36 0.36 0.36 0.36 0.36 0.36 
0.05454545454545454 0.043478260869565216 0.043478260869565216 0.0392156862745098 0.0392156862745098 0.0392156862745098 0.0392156862745098 0.0392156862745098 0.0392156862745098 0.0392156862745098 0.0392156862745098 0.0392156862745098 0.038461538461538464 0.038461538461538464 
0.7536231884057971 0.6545454545454545 0.6981132075471698 0.660377358490566 0.660377358490566 0.7142857142857143 0.6862745098039216 0.6875 0.6274509803921569 0.64 0.66 0.66 0.673469387755102 0.673469387755102 
0.3389830508474576 0.12121212121212122 0.12121212121212122 0.12121212121212122 0.12121212121212122 0.12121212121212122 0.12121212121212122 0.12121212121212122 0.12121212121212122 0.12121212121212122 0.12121212121212122 0.12121212121212122 0.12121212121212122 0.12121212121212122 
0.7619047619047619 0.5660377358490566 0.5660377358490566 0.5660377358490566 0.5660377358490566 0.5961538461538461 0.5769230769230769 0.5660377358490566 0.5769230769230769 0.5769230769230769 0.5576923076923077 0.5576923076923077 0.5576923076923077 0.5849056603773585 
0.5483870967741935 0.057692307692307696 0.057692307692307696 0.057692307692307696 0.057692307692307696 0.057692307692307696 0.057692307692307696 0.057692307692307696 0.057692307692307696 0.057692307692307696 0.057692307692307696 0.057692307692307696 0.057692307692307696 0.057692307692307696 
0.3333333333333333 0.125 0.125 0.125 0.125 0.125 0.125 0.125 0.125 0.125 0.125 0.125 0.125 0.125 
0.10344827586206896 0.05084745762711865 0.06666666666666667 0.06779661016949153 0.06779661016949153 0.06779661016949153 0.06779661016949153 0.06666666666666667 0.06666666666666667 0.06666666666666667 0.06666666666666667 0.06666666666666667 0.06666666666666667 0.06666666666666667 
0.3389830508474576 0.25396825396825395 0.3484848484848485 0.3484848484848485 0.3484848484848485 0.3484848484848485 0.3484848484848485 0.3484848484848485 0.3484848484848485 0.3484848484848485 0.3484848484848485 0.3484848484848485 0.36363636363636365 0.36923076923076925 
0.3103448275862069 0.0392156862745098 0.05454545454545454 0.07142857142857142 0.07142857142857142 0.07142857142857142 0.07142857142857142 0.07142857142857142 0.07142857142857142 0.07142857142857142 0.07142857142857142 0.07142857142857142 0.07142857142857142 0.07142857142857142 
0.23214285714285715 0.03773584905660377 0.03773584905660377 0.03773584905660377 0.03773584905660377 0.03773584905660377 0.03773584905660377 0.03773584905660377 0.03773584905660377 0.03773584905660377 0.03773584905660377 0.03773584905660377 0.03773584905660377 0.03773584905660377 
0.5769230769230769 0.2619047619047619 0.2619047619047619 0.2727272727272727 0.2727272727272727 0.2727272727272727 0.2727272727272727 0.2727272727272727 0.2727272727272727 0.2727272727272727 0.2727272727272727 0.2727272727272727 0.2727272727272727 0.2727272727272727 
0.24074074074074073 0.1568627450980392 0.1568627450980392 0.1568627450980392 0.1568627450980392 0.1568627450980392 0.1568627450980392 0.1568627450980392 0.1568627450980392 0.1568627450980392 0.1568627450980392 0.1568627450980392 0.1568627450980392 0.1568627450980392 
0.30612244897959184 0.11627906976744186 0.11627906976744186 0.09523809523809523 0.07317073170731707 0.07317073170731707 0.07317073170731707 0.07317073170731707 0.07317073170731707 0.07317073170731707 0.07317073170731707 0.07317073170731707 0.07317073170731707 0.07317073170731707 
0.015384615384615385 0.1 0.1 0.1 0.1 0.1 0.1 0.1 0.1 0.1 0.1 0.1 0.1 0.1 
0.3103448275862069 0.10416666666666667 0.32142857142857145 0.32142857142857145 0.32142857142857145 0.32142857142857145 0.32142857142857145 0.32142857142857145 0.32142857142857145 0.32142857142857145 0.32142857142857145 0.32142857142857145 0.32142857142857145 0.32142857142857145 
0.3389830508474576 0.45901639344262296 0.45901639344262296 0.45901639344262296 0.45901639344262296 0.45901639344262296 0.45901639344262296 0.45901639344262296 0.45901639344262296 0.45901639344262296 0.45901639344262296 0.45901639344262296 0.45901639344262296 0.45901639344262296 
0.0 0.0 0.0 0.0 0.0 0.0 0.0 0.0 0.0 0.0 0.0 0.0 0.0 0.0 
0.2727272727272727 0.18604651162790697 0.18604651162790697 0.18604651162790697 0.18604651162790697 0.18604651162790697 0.18604651162790697 0.18604651162790697 0.18604651162790697 0.18604651162790697 0.18604651162790697 0.18604651162790697 0.18604651162790697 0.18604651162790697 
0.7619047619047619 0.5918367346938775 0.5849056603773585 0.5769230769230769 0.5769230769230769 0.5769230769230769 0.5769230769230769 0.5769230769230769 0.5660377358490566 0.5660377358490566 0.5660377358490566 0.5660377358490566 0.5660377358490566 0.5576923076923077 
0.015384615384615385 0.09230769230769231 0.09230769230769231 0.09230769230769231 0.09230769230769231 0.09230769230769231 0.09230769230769231 0.09230769230769231 0.09230769230769231 0.09230769230769231 0.09230769230769231 0.09230769230769231 0.09230769230769231 0.09230769230769231 
0.7536231884057971 0.5740740740740741 0.5740740740740741 0.5636363636363636 0.5818181818181818 0.5454545454545454 0.5849056603773585 0.5849056603773585 0.5849056603773585 0.5849056603773585 0.5849056603773585 0.5740740740740741 0.5818181818181818 0.5818181818181818 
0.6491228070175439 0.6964285714285714 0.6964285714285714 0.7068965517241379 0.6964285714285714 0.6785714285714286 0.6909090909090909 0.6909090909090909 0.6909090909090909 0.6909090909090909 0.6909090909090909 0.7037037037037037 0.6909090909090909 0.6909090909090909 
0.288135593220339 0.2537313432835821 0.2537313432835821 0.23880597014925373 0.23880597014925373 0.30158730158730157 0.30158730158730157 0.2857142857142857 0.2857142857142857 0.2857142857142857 0.2857142857142857 0.296875 0.27692307692307694 0.2923076923076923 
0.08620689655172414 0.021739130434782608 0.02127659574468085 0.02127659574468085 0.020833333333333332 0.041666666666666664 0.043478260869565216 0.043478260869565216 0.0625 0.09803921568627451 0.2711864406779661 0.2711864406779661 0.2711864406779661 0.2711864406779661 
0.7536231884057971 0.38596491228070173 0.38596491228070173 0.38596491228070173 0.38596491228070173 0.38596491228070173 0.38596491228070173 0.38596491228070173 0.38596491228070173 0.38596491228070173 0.41818181818181815 0.4528301886792453 0.4528301886792453 0.46153846153846156 
0.3548387096774194 0.2711864406779661 0.20689655172413793 0.2 0.22033898305084745 0.21311475409836064 0.21311475409836064 0.21311475409836064 0.21311475409836064 0.21311475409836064 0.18032786885245902 0.18032786885245902 0.1896551724137931 0.1896551724137931 
0.30357142857142855 0.16129032258064516 0.16129032258064516 0.16129032258064516 0.16129032258064516 0.16129032258064516 0.16129032258064516 0.16129032258064516 0.16129032258064516 0.16129032258064516 0.16129032258064516 0.16129032258064516 0.16129032258064516 0.16129032258064516 
0.33962264150943394 0.12962962962962962 0.17857142857142858 0.17857142857142858 0.17857142857142858 0.17857142857142858 0.17857142857142858 0.17857142857142858 0.17857142857142858 0.17857142857142858 0.17857142857142858 0.17857142857142858 0.18181818181818182 0.18181818181818182 
0.2786885245901639 0.20454545454545456 0.2 0.2 0.2 0.21951219512195122 0.21951219512195122 0.2 0.2 0.2 0.2 0.2 0.2 0.21951219512195122 
0.23214285714285715 0.015873015873015872 0.015873015873015872 0.015873015873015872 0.015873015873015872 0.015873015873015872 0.015873015873015872 0.015873015873015872 0.015873015873015872 0.015873015873015872 0.015873015873015872 0.015873015873015872 0.015873015873015872 0.015873015873015872 
0.3548387096774194 0.3898305084745763 0.3898305084745763 0.3898305084745763 0.3898305084745763 0.3898305084745763 0.3770491803278688 0.3770491803278688 0.3770491803278688 0.3770491803278688 0.36065573770491804 0.36065573770491804 0.36065573770491804 0.36065573770491804 
0.5483870967741935 0.12903225806451613 0.13114754098360656 0.12903225806451613 0.12903225806451613 0.12903225806451613 0.12903225806451613 0.12903225806451613 0.12903225806451613 0.12903225806451613 0.12903225806451613 0.12903225806451613 0.12903225806451613 0.12903225806451613 
0.22807017543859648 0.23076923076923078 0.3137254901960784 0.3137254901960784 0.3137254901960784 0.3137254901960784 0.3137254901960784 0.3137254901960784 0.3137254901960784 0.3137254901960784 0.3137254901960784 0.3137254901960784 0.3137254901960784 0.3137254901960784 
0.2727272727272727 0.16666666666666666 0.16666666666666666 0.16666666666666666 0.16666666666666666 0.16666666666666666 0.16666666666666666 0.16666666666666666 0.16666666666666666 0.16666666666666666 0.16666666666666666 0.16666666666666666 0.16666666666666666 0.16666666666666666 
0.23214285714285715 0.015873015873015872 0.015873015873015872 0.015873015873015872 0.015873015873015872 0.015873015873015872 0.015873015873015872 0.015873015873015872 0.015873015873015872 0.015873015873015872 0.015873015873015872 0.015873015873015872 0.015873015873015872 0.015873015873015872 
0.21153846153846154 0.06666666666666667 0.03571428571428571 0.01818181818181818 0.01818181818181818 0.01818181818181818 0.01818181818181818 0.01818181818181818 0.01818181818181818 0.01818181818181818 0.01818181818181818 0.01818181818181818 0.01818181818181818 0.01818181818181818 
0.33962264150943394 0.3333333333333333 0.3492063492063492 0.3492063492063492 0.3492063492063492 0.3492063492063492 0.3492063492063492 0.34375 0.34375 0.34375 0.34375 0.34375 0.34375 0.34375 
0.3389830508474576 0.12121212121212122 0.12121212121212122 0.12121212121212122 0.12121212121212122 0.12121212121212122 0.12121212121212122 0.12121212121212122 0.12121212121212122 0.12121212121212122 0.12121212121212122 0.12121212121212122 0.12121212121212122 0.12121212121212122 
0.9152542372881356 0.36538461538461536 0.36538461538461536 0.2830188679245283 0.3148148148148148 0.3148148148148148 0.3148148148148148 0.3148148148148148 0.3148148148148148 0.3148148148148148 0.3018867924528302 0.3018867924528302 0.3018867924528302 0.2777777777777778 
0.2033898305084746 0.13793103448275862 0.13793103448275862 0.13793103448275862 0.13793103448275862 0.13793103448275862 0.13793103448275862 0.13793103448275862 0.13793103448275862 0.13793103448275862 0.13793103448275862 0.13793103448275862 0.13793103448275862 0.13793103448275862 
0.2698412698412698 0.3770491803278688 0.3770491803278688 0.3770491803278688 0.36065573770491804 0.36065573770491804 0.36065573770491804 0.36065573770491804 0.36065573770491804 0.36065573770491804 0.36065573770491804 0.36065573770491804 0.36065573770491804 0.36065573770491804 
0.3389830508474576 0.09090909090909091 0.06 0.04 0.04 0.0 0.0 0.0 0.0 0.0 0.0 0.0 0.0 0.0 
0.3508771929824561 0.3333333333333333 0.3333333333333333 0.3333333333333333 0.3333333333333333 0.3333333333333333 0.3333333333333333 0.3333333333333333 0.3333333333333333 0.3333333333333333 0.3333333333333333 0.3333333333333333 0.3333333333333333 0.3333333333333333 
0.7536231884057971 0.6666666666666666 0.7222222222222222 0.7407407407407407 0.7407407407407407 0.7407407407407407 0.7407407407407407 0.7407407407407407 0.7407407407407407 0.7407407407407407 0.7592592592592593 0.7592592592592593 0.7592592592592593 0.7592592592592593 
0.30612244897959184 0.21568627450980393 0.21568627450980393 0.21568627450980393 0.21568627450980393 0.24 0.24 0.24 0.24 0.24 0.24 0.24 0.24 0.24 
0.0 0.0 0.0 0.0 0.0 0.0 0.0 0.0 0.0 0.0 0.0 0.0 0.0 0.0 
0.3389830508474576 0.25862068965517243 0.25862068965517243 0.25862068965517243 0.27586206896551724 0.27586206896551724 0.27586206896551724 0.27586206896551724 0.27586206896551724 0.27586206896551724 0.27586206896551724 0.27586206896551724 0.27586206896551724 0.27586206896551724 
0.3389830508474576 0.25862068965517243 0.25862068965517243 0.25862068965517243 0.25862068965517243 0.25862068965517243 0.25862068965517243 0.25862068965517243 0.25862068965517243 0.25862068965517243 0.25862068965517243 0.25862068965517243 0.25862068965517243 0.2542372881355932 
0.2727272727272727 0.3728813559322034 0.3728813559322034 0.3728813559322034 0.3728813559322034 0.3728813559322034 0.3728813559322034 0.3728813559322034 0.3728813559322034 0.3728813559322034 0.3728813559322034 0.3728813559322034 0.3728813559322034 0.3728813559322034 
0.3389830508474576 0.25862068965517243 0.2833333333333333 0.18333333333333332 0.18032786885245902 0.18032786885245902 0.15789473684210525 0.16071428571428573 0.16666666666666666 0.18518518518518517 0.17857142857142858 0.2631578947368421 0.4107142857142857 0.4067796610169492 
0.3389830508474576 0.1724137931034483 0.25862068965517243 0.2542372881355932 0.25 0.35185185185185186 0.35185185185185186 0.36363636363636365 0.35714285714285715 0.3508771929824561 0.3508771929824561 0.43859649122807015 0.43859649122807015 0.4067796610169492 
0.1320754716981132 0.061224489795918366 0.037037037037037035 0.038461538461538464 0.03571428571428571 0.043478260869565216 0.043478260869565216 0.037037037037037035 0.03773584905660377 0.03773584905660377 0.03773584905660377 0.03636363636363636 0.03508771929824561 0.03508771929824561 
0.3230769230769231 0.5161290322580645 0.5625 0.42857142857142855 0.4 0.421875 0.38095238095238093 0.38095238095238093 0.359375 0.3442622950819672 0.3492063492063492 0.375 0.375 0.3442622950819672 
0.27419354838709675 0.6607142857142857 0.6785714285714286 0.6785714285714286 0.5686274509803921 0.5576923076923077 0.34545454545454546 0.2641509433962264 0.2641509433962264 0.2641509433962264 0.2641509433962264 0.24528301886792453 0.16 0.1568627450980392 
0.30612244897959184 0.11538461538461539 0.11320754716981132 0.11320754716981132 0.12962962962962962 0.1320754716981132 0.1694915254237288 0.16071428571428573 0.17857142857142858 0.07017543859649122 0.07017543859649122 0.13793103448275862 0.13793103448275862 0.0 
0.2727272727272727 0.025 0.025 0.025 0.075 0.075 0.07142857142857142 0.07142857142857142 0.11363636363636363 0.10869565217391304 0.10869565217391304 0.07317073170731707 0.07142857142857142 0.10869565217391304 
0.3389830508474576 0.171875 0.16923076923076924 0.15873015873015872 0.15873015873015872 0.15625 0.15384615384615385 0.15384615384615385 0.14925373134328357 0.14492753623188406 0.14492753623188406 0.14705882352941177 0.14705882352941177 0.14705882352941177 
0.23214285714285715 0.015873015873015872 0.015873015873015872 0.015873015873015872 0.015873015873015872 0.015384615384615385 0.015384615384615385 0.015625 0.015625 0.015625 0.015625 0.015625 0.015625 0.015625 
0.3050847457627119 0.038461538461538464 0.0392156862745098 0.019230769230769232 0.019230769230769232 0.020833333333333332 0.02040816326530612 0.02040816326530612 0.02040816326530612 0.02040816326530612 0.020833333333333332 0.02 0.0196078431372549 0.018867924528301886 
0.36363636363636365 0.06779661016949153 0.05263157894736842 0.07017543859649122 0.07017543859649122 0.07142857142857142 0.07142857142857142 0.07017543859649122 0.05357142857142857 0.05263157894736842 0.08771929824561403 0.08620689655172414 0.08620689655172414 0.08620689655172414 
0.7536231884057971 0.6923076923076923 0.6444444444444445 0.5833333333333334 0.627906976744186 0.6222222222222222 0.6222222222222222 0.6511627906976745 0.6511627906976745 0.6363636363636364 0.6363636363636364 0.6363636363636364 0.6086956521739131 0.6304347826086957 
0.3389830508474576 0.25862068965517243 0.26666666666666666 0.30158730158730157 0.30158730158730157 0.2698412698412698 0.25396825396825395 0.2857142857142857 0.16393442622950818 0.25806451612903225 0.1896551724137931 0.3220338983050847 0.42105263157894735 0.45 
0.23214285714285715 0.21052631578947367 0.18032786885245902 0.1694915254237288 0.1694915254237288 0.15254237288135594 0.13793103448275862 0.13793103448275862 0.13333333333333333 0.015384615384615385 0.015384615384615385 0.015384615384615385 0.015384615384615385 0.014925373134328358 
0.5769230769230769 0.12 0.12 0.1111111111111111 0.14285714285714285 0.1568627450980392 0.1568627450980392 0.16 0.1509433962264151 0.1320754716981132 0.16 0.13725490196078433 0.1568627450980392 0.17647058823529413 
0.3389830508474576 0.25862068965517243 0.26666666666666666 0.26666666666666666 0.2833333333333333 0.30357142857142855 0.30357142857142855 0.3090909090909091 0.26666666666666666 0.3 0.3103448275862069 0.3275862068965517 0.3275862068965517 0.3275862068965517 
0.30612244897959184 0.171875 0.171875 0.171875 0.203125 0.1875 0.234375 0.234375 0.2153846153846154 0.22727272727272727 0.21212121212121213 0.23529411764705882 0.23809523809523808 0.25396825396825395 
0.3275862068965517 0.0196078431372549 0.018867924528301886 0.058823529411764705 0.05660377358490566 0.061224489795918366 0.041666666666666664 0.041666666666666664 0.04081632653061224 0.04 0.017857142857142856 0.017857142857142856 0.018518518518518517 0.017543859649122806 
0.3333333333333333 0.15873015873015872 0.23076923076923078 0.23076923076923078 0.2153846153846154 0.2153846153846154 0.24561403508771928 0.2857142857142857 0.2982456140350877 0.36363636363636365 0.30357142857142855 0.375 0.36363636363636365 0.34545454545454546 
0.0 0.0 0.0 0.0 0.0 0.017241379310344827 0.01694915254237288 0.01639344262295082 0.0 0.01639344262295082 0.01639344262295082 0.016666666666666666 0.017241379310344827 0.017241379310344827 
0.4528301886792453 0.6271186440677966 0.5964912280701754 0.5789473684210527 0.6610169491525424 0.6071428571428571 0.6607142857142857 0.6607142857142857 0.6785714285714286 0.6785714285714286 0.6428571428571429 0.6607142857142857 0.6785714285714286 0.6785714285714286 
0.2727272727272727 0.3728813559322034 0.3728813559322034 0.3728813559322034 0.3898305084745763 0.38333333333333336 0.38333333333333336 0.38333333333333336 0.38333333333333336 0.38333333333333336 0.38333333333333336 0.3770491803278688 0.3770491803278688 0.38333333333333336 
0.27586206896551724 0.3728813559322034 0.3728813559322034 0.3728813559322034 0.4067796610169492 0.4067796610169492 0.3898305084745763 0.3898305084745763 0.4067796610169492 0.4067796610169492 0.4067796610169492 0.4067796610169492 0.4067796610169492 0.4067796610169492 
0.2033898305084746 0.05172413793103448 0.05084745762711865 0.08771929824561403 0.1206896551724138 0.1206896551724138 0.1206896551724138 0.14516129032258066 0.15873015873015872 0.19672131147540983 0.2903225806451613 0.2903225806451613 0.2903225806451613 0.2903225806451613 
0.3389830508474576 0.2708333333333333 0.12121212121212122 0.12121212121212122 0.12121212121212122 0.12121212121212122 0.12121212121212122 0.12121212121212122 0.12121212121212122 0.12121212121212122 0.12121212121212122 0.12121212121212122 0.12121212121212122 0.12121212121212122 
0.3050847457627119 0.05555555555555555 0.07142857142857142 0.07142857142857142 0.3508771929824561 0.3103448275862069 0.3333333333333333 0.3333333333333333 0.03636363636363636 0.03636363636363636 0.037037037037037035 0.05555555555555555 0.03636363636363636 0.03636363636363636 
0.4528301886792453 0.6551724137931034 0.6440677966101694 0.5789473684210527 0.5789473684210527 0.5636363636363636 0.5714285714285714 0.559322033898305 0.5254237288135594 0.5254237288135594 0.5254237288135594 0.5 0.5483870967741935 0.532258064516129 
0.3103448275862069 0.057692307692307696 0.05660377358490566 0.057692307692307696 0.061224489795918366 0.061224489795918366 0.06382978723404255 0.0625 0.047619047619047616 0.047619047619047616 0.038461538461538464 0.041666666666666664 0.041666666666666664 0.041666666666666664 
0.3275862068965517 0.2653061224489796 0.29508196721311475 0.29508196721311475 0.26666666666666666 0.26666666666666666 0.2833333333333333 0.3157894736842105 0.2962962962962963 0.2962962962962963 0.24528301886792453 0.24528301886792453 0.22641509433962265 0.2727272727272727 
0.3389830508474576 0.19047619047619047 0.2727272727272727 0.2727272727272727 0.17777777777777778 0.17777777777777778 0.17777777777777778 0.17777777777777778 0.1956521739130435 0.09090909090909091 0.1111111111111111 0.10869565217391304 0.10638297872340426 0.10638297872340426 
0.27586206896551724 0.36507936507936506 0.36507936507936506 0.3548387096774194 0.3548387096774194 0.39344262295081966 0.39344262295081966 0.38095238095238093 0.39344262295081966 0.4098360655737705 0.3870967741935484 0.3870967741935484 0.3870967741935484 0.4067796610169492 
0.9152542372881356 0.9152542372881356 0.847457627118644 0.8666666666666667 0.8833333333333333 0.9333333333333333 0.9310344827586207 0.9310344827586207 0.9516129032258065 0.9206349206349206 0.9206349206349206 0.9047619047619048 0.8852459016393442 0.8666666666666667 
0.3389830508474576 0.25396825396825395 0.47619047619047616 0.5079365079365079 0.46875 0.49230769230769234 0.49230769230769234 0.4375 0.4375 0.421875 0.40625 0.45454545454545453 0.4098360655737705 0.39344262295081966 
0.6491228070175439 0.6206896551724138 0.7966101694915254 0.8032786885245902 0.7741935483870968 0.8269230769230769 0.8235294117647058 0.7446808510638298 0.7872340425531915 0.7906976744186046 0.7777777777777778 0.7872340425531915 0.7872340425531915 0.8333333333333334 
0.2807017543859649 0.24193548387096775 0.23333333333333334 0.21666666666666667 0.3064516129032258 0.3064516129032258 0.296875 0.296875 0.296875 0.2857142857142857 0.26229508196721313 0.23809523809523808 0.23809523809523808 0.23809523809523808 
0.5769230769230769 0.5178571428571429 0.3709677419354839 0.3448275862068966 0.3877551020408163 0.34782608695652173 0.3404255319148936 0.3409090909090909 0.37777777777777777 0.28205128205128205 0.27906976744186046 0.32608695652173914 0.30434782608695654 0.32608695652173914 
0.30612244897959184 0.171875 0.171875 0.18461538461538463 0.18461538461538463 0.21875 0.22033898305084745 0.22033898305084745 0.2033898305084746 0.22033898305084745 0.24561403508771928 0.24561403508771928 0.24561403508771928 0.25925925925925924 
0.30357142857142855 0.5306122448979592 0.5306122448979592 0.5306122448979592 0.5208333333333334 0.5319148936170213 0.5227272727272727 0.5909090909090909 0.5909090909090909 0.4444444444444444 0.44680851063829785 0.45652173913043476 0.5116279069767442 0.4883720930232558 
0.7619047619047619 0.6470588235294118 0.6666666666666666 0.6415094339622641 0.6730769230769231 0.72 0.72 0.660377358490566 0.7608695652173914 0.7872340425531915 0.7708333333333334 0.7608695652173914 0.7659574468085106 0.7872340425531915 
0.2909090909090909 0.3770491803278688 0.3770491803278688 0.4 0.4 0.4 0.4 0.41379310344827586 0.39655172413793105 0.4 0.4 0.4 0.4 0.4 
0.7536231884057971 0.5555555555555556 0.6122448979591837 0.6458333333333334 0.6458333333333334 0.6595744680851063 0.6595744680851063 0.6458333333333334 0.6458333333333334 0.6382978723404256 0.6041666666666666 0.6078431372549019 0.6153846153846154 0.6153846153846154 
0.3103448275862069 0.019230769230769232 0.01818181818181818 0.018518518518518517 0.018518518518518517 0.018518518518518517 0.018518518518518517 0.0196078431372549 0.02 0.02 0.02 0.02 0.02 0.02 
0.32142857142857145 0.29545454545454547 0.33962264150943394 0.33962264150943394 0.33962264150943394 0.33962264150943394 0.32142857142857145 0.32142857142857145 0.32142857142857145 0.3157894736842105 0.3157894736842105 0.3157894736842105 0.32142857142857145 0.3157894736842105 
0.7619047619047619 0.52 0.5 0.6 0.6 0.7777777777777778 0.6491228070175439 0.6491228070175439 0.6666666666666666 0.7254901960784313 0.7254901960784313 0.6545454545454545 0.6545454545454545 0.6792452830188679 
0.3389830508474576 0.1590909090909091 0.21428571428571427 0.20454545454545456 0.18604651162790697 0.18181818181818182 0.1590909090909091 0.3695652173913043 0.3409090909090909 0.3409090909090909 0.3409090909090909 0.3333333333333333 0.1724137931034483 0.2711864406779661 
0.7536231884057971 0.6363636363636364 0.6046511627906976 0.6222222222222222 0.6274509803921569 0.6274509803921569 0.6037735849056604 0.6037735849056604 0.7169811320754716 0.7454545454545455 0.7358490566037735 0.7735849056603774 0.7407407407407407 0.7407407407407407 
0.3103448275862069 0.02 0.016666666666666666 0.016666666666666666 0.016666666666666666 0.016666666666666666 0.016666666666666666 0.01694915254237288 0.01694915254237288 0.01694915254237288 0.016129032258064516 0.01639344262295082 0.01639344262295082 0.01639344262295082 
0.3389830508474576 0.38333333333333336 0.38333333333333336 0.38333333333333336 0.3770491803278688 0.3770491803278688 0.3770491803278688 0.3770491803278688 0.3770491803278688 0.3770491803278688 0.39344262295081966 0.4 0.38333333333333336 0.38333333333333336 
0.2727272727272727 0.05 0.13953488372093023 0.13953488372093023 0.16279069767441862 0.1590909090909091 0.13953488372093023 0.13636363636363635 0.15555555555555556 0.15217391304347827 0.13953488372093023 0.13953488372093023 0.19148936170212766 0.2653061224489796 
0.3508771929824561 0.3333333333333333 0.3333333333333333 0.3333333333333333 0.3333333333333333 0.3333333333333333 0.3333333333333333 0.3333333333333333 0.3333333333333333 0.3333333333333333 0.37037037037037035 0.2608695652173913 0.2608695652173913 0.2608695652173913 
0.3508771929824561 0.0 0.0 0.017241379310344827 0.39622641509433965 0.39622641509433965 0.39622641509433965 0.37735849056603776 0.37735849056603776 0.38181818181818183 0.21153846153846154 0.21153846153846154 0.39285714285714285 0.375 
0.3389830508474576 0.1724137931034483 0.17543859649122806 0.15254237288135594 0.03278688524590164 0.03278688524590164 0.06451612903225806 0.15873015873015872 0.15625 0.15625 0.15625 0.15625 0.15625 0.15625 
0.3275862068965517 0.0 0.0 0.0 0.0 0.0 0.0 0.0 0.0 0.0 0.0 0.0 0.0 0.0 
0.3389830508474576 0.171875 0.18181818181818182 0.1791044776119403 0.16923076923076924 0.078125 0.0967741935483871 0.029411764705882353 0.046153846153846156 0.0625 0.046875 0.06060606060606061 0.06060606060606061 0.06060606060606061 
0.23214285714285715 0.015873015873015872 0.015873015873015872 0.015873015873015872 0.015384615384615385 0.015384615384615385 0.015384615384615385 0.031746031746031744 0.031746031746031744 0.03278688524590164 0.03278688524590164 0.04838709677419355 0.04838709677419355 0.047619047619047616 
0.27586206896551724 0.023255813953488372 0.021739130434782608 0.02127659574468085 0.09523809523809523 0.09302325581395349 0.09302325581395349 0.09302325581395349 0.09090909090909091 0.09302325581395349 0.09302325581395349 0.0851063829787234 0.1276595744680851 0.1276595744680851 
0.27586206896551724 0.018518518518518517 0.034482758620689655 0.05 0.03333333333333333 0.22807017543859648 0.21818181818181817 0.2 0.3793103448275862 0.4406779661016949 0.4576271186440678 0.4262295081967213 0.4745762711864407 0.4745762711864407 
0.2698412698412698 0.09230769230769231 0.208955223880597 0.2028985507246377 0.1791044776119403 0.21212121212121213 0.1746031746031746 0.14285714285714285 0.13793103448275862 0.13793103448275862 0.14035087719298245 0.09090909090909091 0.10714285714285714 0.06557377049180328 
0.16363636363636364 0.0392156862745098 0.023255813953488372 0.022222222222222223 0.1 0.09433962264150944 0.08771929824561403 0.10526315789473684 0.09803921568627451 0.09803921568627451 0.125 0.2037037037037037 0.2222222222222222 0.3103448275862069 
0.7536231884057971 0.6730769230769231 0.6078431372549019 0.6153846153846154 0.5555555555555556 0.5555555555555556 0.5769230769230769 0.5686274509803921 0.5686274509803921 0.5686274509803921 0.5686274509803921 0.5686274509803921 0.5576923076923077 0.46938775510204084 
0.3389830508474576 0.38333333333333336 0.38333333333333336 0.39344262295081966 0.4 0.4 0.4 0.41935483870967744 0.41935483870967744 0.43333333333333335 0.43333333333333335 0.43333333333333335 0.43333333333333335 0.43333333333333335 
0.3076923076923077 0.45614035087719296 0.46551724137931033 0.5 0.56 0.423728813559322 0.5 0.5185185185185185 0.4489795918367347 0.4489795918367347 0.4375 0.4897959183673469 0.4897959183673469 0.52 
0.16363636363636364 0.3125 0.3492063492063492 0.328125 0.3333333333333333 0.3333333333333333 0.3620689655172414 0.3559322033898305 0.3559322033898305 0.3559322033898305 0.3559322033898305 0.3559322033898305 0.3559322033898305 0.3448275862068966 
0.10344827586206896 0.038461538461538464 0.0 0.018518518518518517 0.01818181818181818 0.017543859649122806 0.017543859649122806 0.020833333333333332 0.02040816326530612 0.02 0.02 0.02 0.02 0.022727272727272728 
0.36363636363636365 0.09615384615384616 0.09615384615384616 0.1346153846153846 0.1320754716981132 0.14814814814814814 0.18518518518518517 0.14285714285714285 0.10714285714285714 0.10714285714285714 0.15789473684210525 0.17543859649122806 0.17543859649122806 0.2909090909090909 
0.28888888888888886 0.36065573770491804 0.3770491803278688 0.38333333333333336 0.38333333333333336 0.3770491803278688 0.3770491803278688 0.3770491803278688 0.3770491803278688 0.3770491803278688 0.4 0.4 0.4 0.4 
0.27419354838709675 0.5294117647058824 0.6170212765957447 0.5714285714285714 0.5 0.5925925925925926 0.5925925925925926 0.5849056603773585 0.54 0.54 0.5849056603773585 0.5892857142857143 0.5714285714285714 0.5714285714285714 
0.3389830508474576 0.48333333333333334 0.4262295081967213 0.4262295081967213 0.4262295081967213 0.43333333333333335 0.43333333333333335 0.484375 0.6060606060606061 0.5396825396825397 0.7096774193548387 0.4838709677419355 0.5245901639344263 0.5172413793103449 
0.3389830508474576 0.171875 0.16666666666666666 0.3770491803278688 0.4262295081967213 0.16666666666666666 0.22727272727272727 0.28125 0.42424242424242425 0.45454545454545453 0.36923076923076925 0.36507936507936506 0.3387096774193548 0.31666666666666665 
0.2711864406779661 0.03636363636363636 0.037037037037037035 0.038461538461538464 0.18181818181818182 0.18181818181818182 0.03636363636363636 0.03636363636363636 0.0392156862745098 0.0425531914893617 0.0425531914893617 0.0625 0.061224489795918366 0.06 
0.3103448275862069 0.10416666666666667 0.11538461538461539 0.06 0.03773584905660377 0.03636363636363636 0.03571428571428571 0.043478260869565216 0.043478260869565216 0.043478260869565216 0.041666666666666664 0.041666666666666664 0.04 0.04 
0.23214285714285715 0.3392857142857143 0.3392857142857143 0.3392857142857143 0.3392857142857143 0.3392857142857143 0.3392857142857143 0.3392857142857143 0.3392857142857143 0.3392857142857143 0.3392857142857143 0.3392857142857143 0.3392857142857143 0.3392857142857143 
0.33962264150943394 0.0 0.027777777777777776 0.0 0.0 0.0 0.0 0.0 0.0 0.0 0.0 0.0 0.0 0.0 
0.37735849056603776 0.0 0.0 0.0 0.0 0.0 0.0 0.0 0.021739130434782608 0.021739130434782608 0.022222222222222223 0.022222222222222223 0.0 0.0 
0.05454545454545454 0.15384615384615385 0.13793103448275862 0.17857142857142858 0.11864406779661017 0.15254237288135594 0.15254237288135594 0.15517241379310345 0.17857142857142858 0.18333333333333332 0.18333333333333332 0.18333333333333332 0.1724137931034483 0.1896551724137931 
0.3103448275862069 0.32142857142857145 0.3333333333333333 0.17307692307692307 0.2127659574468085 0.2127659574468085 0.2127659574468085 0.2127659574468085 0.2127659574468085 0.21739130434782608 0.26 0.26 0.24489795918367346 0.24489795918367346 
0.1111111111111111 0.0 0.0 0.0 0.0 0.017241379310344827 0.03508771929824561 0.03571428571428571 0.017543859649122806 0.017543859649122806 0.017857142857142856 0.017857142857142856 0.017857142857142856 0.017857142857142856 
0.24489795918367346 0.06896551724137931 0.08620689655172414 0.08620689655172414 0.08771929824561403 0.08620689655172414 0.0847457627118644 0.13559322033898305 0.13559322033898305 0.1568627450980392 0.19607843137254902 0.19607843137254902 0.19607843137254902 0.3275862068965517 
0.3389830508474576 0.15517241379310345 0.19298245614035087 0.1896551724137931 0.3220338983050847 0.3050847457627119 0.4067796610169492 0.3898305084745763 0.4 0.39655172413793105 0.45 0.45 0.4032258064516129 0.3870967741935484 
0.2698412698412698 0.203125 0.3076923076923077 0.2923076923076923 0.3181818181818182 0.3230769230769231 0.31746031746031744 0.31746031746031744 0.3492063492063492 0.3492063492063492 0.3484848484848485 0.328125 0.3492063492063492 0.34375 
0.23214285714285715 0.017543859649122806 0.03508771929824561 0.015625 0.015625 0.015151515151515152 0.015384615384615385 0.015384615384615385 0.015384615384615385 0.015873015873015872 0.015873015873015872 0.015625 0.015625 0.015625 
0.2807017543859649 0.3728813559322034 0.36666666666666664 0.36666666666666664 0.3728813559322034 0.3728813559322034 0.3728813559322034 0.3620689655172414 0.3620689655172414 0.3620689655172414 0.3620689655172414 0.3620689655172414 0.3684210526315789 0.3684210526315789 
0.7536231884057971 0.6730769230769231 0.6078431372549019 0.6153846153846154 0.5961538461538461 0.5769230769230769 0.5769230769230769 0.5490196078431373 0.5384615384615384 0.5384615384615384 0.5384615384615384 0.5384615384615384 0.5384615384615384 0.5384615384615384 
0.3103448275862069 0.06896551724137931 0.0 0.0 0.0 0.0 0.017543859649122806 0.017543859649122806 0.017543859649122806 0.017857142857142856 0.017857142857142856 0.017857142857142856 0.017857142857142856 0.017857142857142856 
0.28888888888888886 0.2698412698412698 0.22950819672131148 0.25925925925925924 0.40350877192982454 0.39655172413793105 0.3090909090909091 0.17391304347826086 0.18181818181818182 0.1956521739130435 0.18181818181818182 0.18181818181818182 0.18181818181818182 0.18181818181818182 
0.23214285714285715 0.0 0.0 0.0 0.0 0.0 0.0 0.0 0.0 0.0 0.0 0.0 0.0 0.0 
0.05454545454545454 0.0 0.019230769230769232 0.02 0.02 0.02 0.02040816326530612 0.04081632653061224 0.04081632653061224 0.04081632653061224 0.04081632653061224 0.04081632653061224 0.038461538461538464 0.038461538461538464 
0.7536231884057971 0.2807017543859649 0.26785714285714285 0.2830188679245283 0.2777777777777778 0.09259259259259259 0.09433962264150944 0.12962962962962962 0.12962962962962962 0.12962962962962962 0.1346153846153846 0.1346153846153846 0.1346153846153846 0.1346153846153846 
0.05454545454545454 0.13846153846153847 0.1746031746031746 0.1724137931034483 0.10526315789473684 0.1 0.057692307692307696 0.018518518518518517 0.017857142857142856 0.018518518518518517 0.018518518518518517 0.018867924528301886 0.018518518518518517 0.05172413793103448 
0.7619047619047619 0.12962962962962962 0.05357142857142857 0.038461538461538464 0.038461538461538464 0.041666666666666664 0.04081632653061224 0.061224489795918366 0.06 0.08 0.08163265306122448 0.058823529411764705 0.058823529411764705 0.057692307692307696 
0.2711864406779661 0.17857142857142858 0.20754716981132076 0.2037037037037037 0.23214285714285715 0.23214285714285715 0.26785714285714285 0.26785714285714285 0.3050847457627119 0.3333333333333333 0.3333333333333333 0.3114754098360656 0.3114754098360656 0.3333333333333333 
0.05263157894736842 0.4 0.4 0.42592592592592593 0.46 0.5102040816326531 0.4791666666666667 0.45652173913043476 0.2978723404255319 0.20408163265306123 0.15217391304347827 0.20833333333333334 0.19148936170212766 0.1702127659574468 
0.7619047619047619 0.58 0.5869565217391305 0.5869565217391305 0.5869565217391305 0.574468085106383 0.6170212765957447 0.6170212765957447 0.6170212765957447 0.6041666666666666 0.5961538461538461 0.5769230769230769 0.5769230769230769 0.5686274509803921 
0.7536231884057971 0.43103448275862066 0.2909090909090909 0.33962264150943394 0.33962264150943394 0.58 0.5833333333333334 0.5833333333333334 0.4807692307692308 0.4807692307692308 0.4807692307692308 0.45098039215686275 0.4423076923076923 0.43137254901960786 
0.3125 0.15625 0.3220338983050847 0.3220338983050847 0.3103448275862069 0.288135593220339 0.16666666666666666 0.1694915254237288 0.16129032258064516 0.140625 0.14285714285714285 0.14285714285714285 0.140625 0.15151515151515152 
0.23214285714285715 0.32142857142857145 0.3392857142857143 0.3392857142857143 0.3392857142857143 0.3220338983050847 0.3220338983050847 0.3220338983050847 0.35185185185185186 0.35185185185185186 0.3392857142857143 0.3333333333333333 0.3392857142857143 0.3333333333333333 
0.2727272727272727 0.025 0.13953488372093023 0.15555555555555556 0.05714285714285714 0.05714285714285714 0.027777777777777776 0.027777777777777776 0.05555555555555555 0.05555555555555555 0.05555555555555555 0.05405405405405406 0.1 0.10526315789473684 
0.23214285714285715 0.015873015873015872 0.015873015873015872 0.015384615384615385 0.015625 0.015625 0.015873015873015872 0.015873015873015872 0.015873015873015872 0.015625 0.015384615384615385 0.015625 0.015625 0.015625 
0.3389830508474576 0.1724137931034483 0.14754098360655737 0.06779661016949153 0.04918032786885246 0.015625 0.015625 0.015625 0.015625 0.015625 0.015625 0.015625 0.015625 0.016129032258064516 
0.25925925925925924 0.2222222222222222 0.26666666666666666 0.30158730158730157 0.234375 0.234375 0.234375 0.234375 0.30303030303030304 0.234375 0.23076923076923078 0.24615384615384617 0.2153846153846154 0.2153846153846154 
0.7536231884057971 0.5869565217391305 0.5416666666666666 0.5416666666666666 0.5531914893617021 0.6041666666666666 0.625 0.6666666666666666 0.6538461538461539 0.66 0.64 0.7111111111111111 0.5957446808510638 0.5652173913043478 
0.3389830508474576 0.02040816326530612 0.0 0.0 0.0 0.0 0.0 0.0 0.0 0.0 0.0 0.0 0.0 0.0 
0.5483870967741935 0.4107142857142857 0.39215686274509803 0.38461538461538464 0.4 0.4 0.4 0.3125 0.41304347826086957 0.41304347826086957 0.41304347826086957 0.37777777777777777 0.5116279069767442 0.4375 
0.3103448275862069 0.32142857142857145 0.32142857142857145 0.35714285714285715 0.35714285714285715 0.3392857142857143 0.3333333333333333 0.3275862068965517 0.3333333333333333 0.3333333333333333 0.3508771929824561 0.3392857142857143 0.38181818181818183 0.38181818181818183 
0.3389830508474576 0.12121212121212122 0.12121212121212122 0.12121212121212122 0.12121212121212122 0.12121212121212122 0.16417910447761194 0.21212121212121213 0.18333333333333332 0.16666666666666666 0.2033898305084746 0.21311475409836064 0.24193548387096775 0.24193548387096775 
0.3103448275862069 0.32142857142857145 0.3508771929824561 0.3448275862068966 0.3448275862068966 0.3389830508474576 0.3793103448275862 0.35 0.3793103448275862 0.42857142857142855 0.42857142857142855 0.42857142857142855 0.42857142857142855 0.42857142857142855 
0.3050847457627119 0.32142857142857145 0.32727272727272727 0.4791666666666667 0.4489795918367347 0.42857142857142855 0.4375 0.42857142857142855 0.4375 0.3541666666666667 0.4222222222222222 0.5581395348837209 0.5581395348837209 0.45454545454545453 
0.3389830508474576 0.125 0.23809523809523808 0.25396825396825395 0.26153846153846155 0.4393939393939394 0.4032258064516129 0.4032258064516129 0.42857142857142855 0.3384615384615385 0.3770491803278688 0.4426229508196721 0.4426229508196721 0.4426229508196721 
0.2711864406779661 0.19672131147540983 0.2222222222222222 0.13043478260869565 0.13953488372093023 0.18604651162790697 0.18181818181818182 0.18181818181818182 0.1956521739130435 0.22916666666666666 0.22916666666666666 0.20754716981132076 0.2 0.22033898305084745 
0.34545454545454546 0.047619047619047616 0.32142857142857145 0.35185185185185186 0.3392857142857143 0.4375 0.5652173913043478 0.5714285714285714 0.5714285714285714 0.5581395348837209 0.5348837209302325 0.45098039215686275 0.10638297872340426 0.10416666666666667 
0.3389830508474576 0.38333333333333336 0.38333333333333336 0.4107142857142857 0.38596491228070173 0.543859649122807 0.43103448275862066 0.3898305084745763 0.4067796610169492 0.4262295081967213 0.4098360655737705 0.43333333333333335 0.43333333333333335 0.43333333333333335 
0.1320754716981132 0.02040816326530612 0.0 0.0 0.0 0.0 0.0 0.0 0.0 0.0392156862745098 0.0392156862745098 0.0392156862745098 0.02040816326530612 0.020833333333333332 
0.27419354838709675 0.6086956521739131 0.625 0.5918367346938775 0.5833333333333334 0.625 0.574468085106383 0.6041666666666666 0.6458333333333334 0.6274509803921569 0.6530612244897959 0.7 0.66 0.75 
0.0851063829787234 0.0 0.0 0.0 0.0 0.0 0.0 0.0 0.0 0.0 0.0 0.0196078431372549 0.0196078431372549 0.0 
0.0851063829787234 0.0 0.04081632653061224 0.0975609756097561 0.0 0.0 0.0 0.0 0.0 0.0 0.0 0.0 0.0 0.0 
0.7536231884057971 0.5869565217391305 0.38181818181818183 0.38181818181818183 0.4074074074074074 0.6530612244897959 0.68 0.6666666666666666 0.6538461538461539 0.6538461538461539 0.6538461538461539 0.6181818181818182 0.6181818181818182 0.5625 
0.33962264150943394 0.0 0.0 0.0 0.2608695652173913 0.26666666666666666 0.2978723404255319 0.32 0.39655172413793105 0.40350877192982454 0.42105263157894735 0.38596491228070173 0.41379310344827586 0.48148148148148145 
0.3103448275862069 0.32142857142857145 0.32142857142857145 0.3392857142857143 0.3275862068965517 0.3103448275862069 0.3392857142857143 0.3392857142857143 0.3392857142857143 0.37735849056603776 0.37735849056603776 0.37735849056603776 0.3392857142857143 0.4230769230769231 
0.36363636363636365 0.05172413793103448 0.3333333333333333 0.23214285714285715 0.21052631578947367 0.20689655172413793 0.2631578947368421 0.20754716981132076 0.34545454545454546 0.1896551724137931 0.21428571428571427 0.21428571428571427 0.26785714285714285 0.2692307692307692 
0.2909090909090909 0.05172413793103448 0.0 0.0 0.0 0.0 0.0 0.0 0.0 0.0 0.0 0.0 0.0 0.0 
0.30612244897959184 0.38333333333333336 0.38333333333333336 0.39285714285714285 0.3448275862068966 0.3448275862068966 0.3448275862068966 0.35185185185185186 0.35185185185185186 0.3157894736842105 0.42105263157894735 0.423728813559322 0.4406779661016949 0.4406779661016949 
0.16363636363636364 0.0196078431372549 0.019230769230769232 0.06382978723404255 0.0 0.0 0.0 0.0 0.16 0.11363636363636363 0.1111111111111111 0.2698412698412698 0.3225806451612903 0.3225806451612903 
0.30612244897959184 0.019230769230769232 0.09090909090909091 0.08955223880597014 0.09375 0.04838709677419355 0.2 0.20634920634920634 0.19672131147540983 0.20967741935483872 0.22580645161290322 0.22580645161290322 0.22950819672131148 0.31666666666666665 
0.3103448275862069 0.022222222222222223 0.3103448275862069 0.32727272727272727 0.32727272727272727 0.28 0.2653061224489796 0.043478260869565216 0.044444444444444446 0.02 0.02 0.02040816326530612 0.020833333333333332 0.020833333333333332 
0.7536231884057971 0.48214285714285715 0.509090909090909 0.64 0.64 0.64 0.6296296296296297 0.5925925925925926 0.5769230769230769 0.48936170212765956 0.5416666666666666 0.5416666666666666 0.5416666666666666 0.5 
0.08620689655172414 0.0 0.0 0.0 0.0 0.0 0.0 0.0 0.0 0.0 0.0 0.0 0.0 0.0 
0.27586206896551724 0.38333333333333336 0.36666666666666664 0.36666666666666664 0.3387096774193548 0.3387096774193548 0.3548387096774194 0.3387096774193548 0.36666666666666664 0.4067796610169492 0.4067796610169492 0.3333333333333333 0.31666666666666665 0.3333333333333333 
0.23214285714285715 0.32142857142857145 0.40384615384615385 0.40384615384615385 0.40384615384615385 0.4897959183673469 0.4791666666666667 0.4791666666666667 0.4583333333333333 0.4583333333333333 0.43478260869565216 0.425531914893617 0.425531914893617 0.4423076923076923 
0.2727272727272727 0.38333333333333336 0.36666666666666664 0.38333333333333336 0.3728813559322034 0.3220338983050847 0.3559322033898305 0.3559322033898305 0.35 0.3333333333333333 0.3333333333333333 0.3442622950819672 0.3559322033898305 0.3728813559322034 
0.2727272727272727 0.025 0.32075471698113206 0.31666666666666665 0.39344262295081966 0.36507936507936506 0.3870967741935484 0.41379310344827586 0.36666666666666664 0.31666666666666665 0.3 0.3114754098360656 0.2786885245901639 0.25862068965517243 
0.7536231884057971 0.6730769230769231 0.6346153846153846 0.6153846153846154 0.6153846153846154 0.7058823529411765 0.6730769230769231 0.6730769230769231 0.7636363636363637 0.8076923076923077 0.8076923076923077 0.8148148148148148 0.78 0.78 
0.2222222222222222 0.17543859649122806 0.2 0.12280701754385964 0.12280701754385964 0.56 0.5471698113207547 0.5471698113207547 0.5849056603773585 0.62 0.28 0.23076923076923078 0.25 0.5434782608695652 
0.24561403508771928 0.0 0.017857142857142856 0.017543859649122806 0.05172413793103448 0.05 0.046153846153846156 0.045454545454545456 0.0 0.0 0.0 0.0 0.0 0.0 
0.3050847457627119 0.022222222222222223 0.03508771929824561 0.04 0.018867924528301886 0.018867924528301886 0.0 0.0 0.0 0.0 0.0 0.0 0.0 0.0 
0.2631578947368421 0.44680851063829785 0.3902439024390244 0.3902439024390244 0.3902439024390244 0.3902439024390244 0.5777777777777777 0.5777777777777777 0.6190476190476191 0.58 0.56 0.46 0.5660377358490566 0.48 
0.7536231884057971 0.6730769230769231 0.6666666666666666 0.5909090909090909 0.6274509803921569 0.5833333333333334 0.6964285714285714 0.72 0.5777777777777777 0.6521739130434783 0.6511627906976745 0.6444444444444445 0.6326530612244898 0.6458333333333334 
0.3793103448275862 0.13559322033898305 0.2 0.14545454545454545 0.16071428571428573 0.16363636363636364 0.3387096774193548 0.25 0.3114754098360656 0.25 0.2692307692307692 0.3508771929824561 0.3448275862068966 0.3389830508474576 
0.34545454545454546 0.3392857142857143 0.3392857142857143 0.34615384615384615 0.5 0.5 0.4897959183673469 0.4339622641509434 0.42592592592592593 0.42592592592592593 0.42592592592592593 0.52 0.5294117647058824 0.5416666666666666 
0.43548387096774194 0.023255813953488372 0.017857142857142856 0.03508771929824561 0.03571428571428571 0.017543859649122806 0.017543859649122806 0.017543859649122806 0.017241379310344827 0.01694915254237288 0.05172413793103448 0.05084745762711865 0.05084745762711865 0.034482758620689655 
0.3275862068965517 0.0 0.0 0.0 0.0 0.0 0.018867924528301886 0.018867924528301886 0.0 0.0 0.0 0.0 0.0 0.0 
0.21153846153846154 0.0 0.0 0.0 0.0 0.0 0.0 0.0 0.0 0.0 0.0 0.0 0.0 0.0 
0.05454545454545454 0.041666666666666664 0.04 0.04 0.09090909090909091 0.09090909090909091 0.13846153846153847 0.13114754098360656 0.12307692307692308 0.12307692307692308 0.12307692307692308 0.13846153846153847 0.125 0.140625 
0.3333333333333333 0.0196078431372549 0.019230769230769232 0.16071428571428573 0.2711864406779661 0.3076923076923077 0.3728813559322034 0.42105263157894735 0.38181818181818183 0.39622641509433965 0.38461538461538464 0.4074074074074074 0.3103448275862069 0.375 
0.08955223880597014 0.0 0.0 0.0 0.0 0.0 0.0 0.0 0.0 0.0 0.0 0.0 0.0 0.0 
0.3220338983050847 0.16981132075471697 0.01694915254237288 0.04081632653061224 0.04081632653061224 0.04081632653061224 0.043478260869565216 0.043478260869565216 0.0425531914893617 0.0425531914893617 0.03773584905660377 0.0392156862745098 0.04 0.0392156862745098 
0.3230769230769231 0.22 0.07017543859649122 0.05660377358490566 0.08196721311475409 0.08333333333333333 0.03389830508474576 0.03389830508474576 0.03333333333333333 0.03333333333333333 0.03333333333333333 0.03333333333333333 0.03333333333333333 0.03333333333333333 
0.21153846153846154 0.03278688524590164 0.03278688524590164 0.0 0.0 0.15517241379310345 0.16363636363636364 0.16666666666666666 0.1509433962264151 0.1509433962264151 0.1509433962264151 0.1111111111111111 0.037037037037037035 0.01818181818181818 
0.10344827586206896 0.0 0.0 0.06382978723404255 0.06382978723404255 0.043478260869565216 0.0425531914893617 0.04081632653061224 0.0392156862745098 0.047619047619047616 0.046511627906976744 0.046511627906976744 0.046511627906976744 0.045454545454545456 
0.32142857142857145 0.0196078431372549 0.017543859649122806 0.01694915254237288 0.01639344262295082 0.022222222222222223 0.021739130434782608 0.0 0.0 0.0 0.0 0.0 0.0 0.0 
0.3793103448275862 0.20634920634920634 0.2222222222222222 0.22950819672131148 0.1864406779661017 0.1111111111111111 0.11290322580645161 0.15 0.16129032258064516 0.1774193548387097 0.19047619047619047 0.12903225806451613 0.14754098360655737 0.14754098360655737 
0.3389830508474576 0.38333333333333336 0.3728813559322034 0.3114754098360656 0.3492063492063492 0.3492063492063492 0.3492063492063492 0.3548387096774194 0.3548387096774194 0.3387096774193548 0.3225806451612903 0.3387096774193548 0.32786885245901637 0.3225806451612903 
0.05454545454545454 0.11666666666666667 0.05357142857142857 0.0 0.14925373134328357 0.15873015873015872 0.15873015873015872 0.15789473684210525 0.15789473684210525 0.22727272727272727 0.22727272727272727 0.20967741935483872 0.20634920634920634 0.2222222222222222 
0.3389830508474576 0.38333333333333336 0.4107142857142857 0.45 0.45 0.47540983606557374 0.47540983606557374 0.47540983606557374 0.47619047619047616 0.4918032786885246 0.45901639344262296 0.47540983606557374 0.4444444444444444 0.4375 
0.3389830508474576 0.017241379310344827 0.48333333333333334 0.5 0.5161290322580645 0.6031746031746031 0.42857142857142855 0.4393939393939394 0.4426229508196721 0.5245901639344263 0.5483870967741935 0.5483870967741935 0.5483870967741935 0.5555555555555556 
0.7536231884057971 0.5652173913043478 0.6229508196721312 0.6363636363636364 0.6274509803921569 0.6078431372549019 0.6078431372549019 0.6078431372549019 0.6727272727272727 0.6964285714285714 0.6440677966101694 0.6229508196721312 0.6557377049180327 0.6428571428571429 
0.1864406779661017 0.01818181818181818 0.01818181818181818 0.018867924528301886 0.0 0.019230769230769232 0.018518518518518517 0.017241379310344827 0.05 0.05555555555555555 0.14035087719298245 0.13793103448275862 0.11864406779661017 0.11666666666666667 
0.5645161290322581 0.4074074074074074 0.32142857142857145 0.38181818181818183 0.3333333333333333 0.46875 0.4603174603174603 0.45901639344262296 0.2641509433962264 0.34615384615384615 0.35714285714285715 0.375 0.3793103448275862 0.46296296296296297 
0.37037037037037035 0.02040816326530612 0.3103448275862069 0.39622641509433965 0.3584905660377358 0.4 0.4 0.3333333333333333 0.3333333333333333 0.3125 0.36363636363636365 0.34782608695652173 0.34782608695652173 0.3902439024390244 
0.7536231884057971 0.375 0.49019607843137253 0.46 0.49056603773584906 0.4666666666666667 0.4666666666666667 0.4666666666666667 0.4745762711864407 0.48333333333333334 0.35714285714285715 0.4339622641509434 0.4528301886792453 0.48214285714285715 
0.6491228070175439 0.3103448275862069 0.390625 0.6363636363636364 0.6363636363636364 0.6666666666666666 0.6964285714285714 0.6727272727272727 0.6727272727272727 0.6851851851851852 0.6851851851851852 0.7037037037037037 0.6785714285714286 0.6785714285714286 
0.1320754716981132 0.022727272727272728 0.022222222222222223 0.023809523809523808 0.0 0.0 0.0 0.0 0.0 0.0 0.019230769230769232 0.019230769230769232 0.018867924528301886 0.019230769230769232 
0.7536231884057971 0.5652173913043478 0.6326530612244898 0.5918367346938775 0.5777777777777777 0.2777777777777778 0.56 0.6829268292682927 0.45652173913043476 0.4583333333333333 0.5714285714285714 0.32727272727272727 0.32727272727272727 0.34545454545454546 
0.08955223880597014 0.0 0.0 0.0 0.0 0.39215686274509803 0.42592592592592593 0.4 0.39285714285714285 0.28 0.023809523809523808 0.024390243902439025 0.025 0.024390243902439025 
0.0 0.041666666666666664 0.04081632653061224 0.0425531914893617 0.04081632653061224 0.04081632653061224 0.02040816326530612 0.02127659574468085 0.022727272727272728 0.022727272727272728 0.022727272727272728 0.022222222222222223 0.021739130434782608 0.02127659574468085 
0.288135593220339 0.23529411764705882 0.22727272727272727 0.5967741935483871 0.5967741935483871 0.46153846153846156 0.7121212121212122 0.7 0.6885245901639344 0.5238095238095238 0.5151515151515151 0.4714285714285714 0.26785714285714285 0.26785714285714285 
0.3389830508474576 0.017241379310344827 0.3548387096774194 0.3548387096774194 0.3448275862068966 0.3448275862068966 0.3448275862068966 0.3448275862068966 0.4 0.46296296296296297 0.46296296296296297 0.39655172413793105 0.3793103448275862 0.3728813559322034 
0.2711864406779661 0.3770491803278688 0.3709677419354839 0.3770491803278688 0.4 0.3870967741935484 0.6190476190476191 0.5238095238095238 0.5606060606060606 0.5846153846153846 0.5666666666666667 0.5666666666666667 0.5483870967741935 0.5806451612903226 
0.1320754716981132 0.06382978723404255 0.0392156862745098 0.06 0.0196078431372549 0.041666666666666664 0.03636363636363636 0.038461538461538464 0.0392156862745098 0.0196078431372549 0.02 0.02040816326530612 0.020833333333333332 0.02127659574468085 
0.05 0.02 0.0196078431372549 0.01818181818181818 0.0 0.0 0.017857142857142856 0.03508771929824561 0.0 0.0 0.0 0.0 0.06779661016949153 0.06779661016949153 
0.2727272727272727 0.36666666666666664 0.36666666666666664 0.38333333333333336 0.35 0.35 0.3448275862068966 0.3448275862068966 0.36666666666666664 0.3392857142857143 0.35714285714285715 0.3888888888888889 0.3888888888888889 0.3620689655172414 
0.7619047619047619 0.5652173913043478 0.5769230769230769 0.5576923076923077 0.6538461538461539 0.6190476190476191 0.1 0.06 0.057692307692307696 0.07407407407407407 0.10714285714285714 0.09433962264150944 0.21818181818181817 0.16981132075471697 
0.10344827586206896 0.0 0.034482758620689655 0.034482758620689655 0.03333333333333333 0.03389830508474576 0.03278688524590164 0.03278688524590164 0.03278688524590164 0.03278688524590164 0.03571428571428571 0.03508771929824561 0.03508771929824561 0.03508771929824561 
0.2807017543859649 0.0 0.32727272727272727 0.39285714285714285 0.39285714285714285 0.3333333333333333 0.3333333333333333 0.2830188679245283 0.2777777777777778 0.22641509433962265 0.32727272727272727 0.37735849056603776 0.3392857142857143 0.3392857142857143 
0.33962264150943394 0.32142857142857145 0.35185185185185186 0.3888888888888889 0.375 0.3684210526315789 0.3442622950819672 0.3684210526315789 0.36363636363636365 0.36363636363636365 0.3076923076923077 0.3076923076923077 0.3076923076923077 0.2962962962962963 
0.30357142857142855 0.02040816326530612 0.0196078431372549 0.018518518518518517 0.041666666666666664 0.021739130434782608 0.043478260869565216 0.0 0.0 0.0 0.0 0.0 0.0 0.0 
0.2711864406779661 0.1875 0.59375 0.578125 0.625 0.6307692307692307 0.47619047619047616 0.4696969696969697 0.40350877192982454 0.41379310344827586 0.4307692307692308 0.4307692307692308 0.5230769230769231 0.453125 
0.28888888888888886 0.36666666666666664 0.3770491803278688 0.35 0.3333333333333333 0.38333333333333336 0.38333333333333336 0.39655172413793105 0.36666666666666664 0.36666666666666664 0.3898305084745763 0.3898305084745763 0.4 0.4 
0.7536231884057971 0.5652173913043478 0.5777777777777777 0.6086956521739131 0.5714285714285714 0.5208333333333334 0.06896551724137931 0.05172413793103448 0.038461538461538464 0.175 0.15217391304347827 0.15217391304347827 0.15217391304347827 0.27906976744186046 
0.3389830508474576 0.38333333333333336 0.32786885245901637 0.3114754098360656 0.3333333333333333 0.4406779661016949 0.4406779661016949 0.4426229508196721 0.4426229508196721 0.45 0.375 0.375 0.36363636363636365 0.36923076923076925 
0.28888888888888886 0.1875 0.16666666666666666 0.11475409836065574 0.4426229508196721 0.4426229508196721 0.375 0.07352941176470588 0.058823529411764705 0.06349206349206349 0.06451612903225806 0.06153846153846154 0.06349206349206349 0.06349206349206349 
0.32 0.0 0.25 0.20408163265306123 0.1875 0.1875 0.34615384615384615 0.34615384615384615 0.34615384615384615 0.34615384615384615 0.34615384615384615 0.2830188679245283 0.2830188679245283 0.2777777777777778 
0.4528301886792453 0.07894736842105263 0.11764705882352941 0.1568627450980392 0.1568627450980392 0.12962962962962962 0.09433962264150944 0.13725490196078433 0.1346153846153846 0.1320754716981132 0.10714285714285714 0.12962962962962962 0.10526315789473684 0.11320754716981132 
0.2698412698412698 0.07936507936507936 0.2028985507246377 0.28125 0.2835820895522388 0.2857142857142857 0.2698412698412698 0.25 0.2923076923076923 0.30158730158730157 0.30158730158730157 0.30158730158730157 0.31746031746031744 0.31746031746031744 
0.1111111111111111 0.0 0.0 0.0 0.0 0.0 0.0 0.0 0.0 0.0 0.0 0.0 0.0 0.0 
0.0 0.0 0.0 0.0 0.0 0.0 0.0 0.0 0.0 0.0 0.0 0.0 0.0 0.0 
0.3389830508474576 0.38333333333333336 0.38333333333333336 0.3548387096774194 0.3387096774193548 0.3548387096774194 0.38095238095238093 0.38095238095238093 0.3492063492063492 0.3387096774193548 0.3387096774193548 0.3387096774193548 0.3387096774193548 0.3387096774193548 
0.3389830508474576 0.07462686567164178 0.19642857142857142 0.3709677419354839 0.36507936507936506 0.26229508196721313 0.2711864406779661 0.23636363636363636 0.3448275862068966 0.25806451612903225 0.23809523809523808 0.23809523809523808 0.3230769230769231 0.375 
0.3389830508474576 0.01694915254237288 0.047619047619047616 0.05128205128205128 0.016666666666666666 0.0 0.0 0.0 0.0 0.0 0.0 0.0 0.0 0.0 
0.7536231884057971 0.375 0.6833333333333333 0.7142857142857143 0.78 0.78 0.7450980392156863 0.7450980392156863 0.6851851851851852 0.7037037037037037 0.7037037037037037 0.7222222222222222 0.6909090909090909 0.6909090909090909 
0.18181818181818182 0.046153846153846156 0.06779661016949153 0.05172413793103448 0.05172413793103448 0.03278688524590164 0.016666666666666666 0.017543859649122806 0.07017543859649122 0.07017543859649122 0.05454545454545454 0.017543859649122806 0.04918032786885246 0.03389830508474576 
0.34545454545454546 0.0 0.32727272727272727 0.37735849056603776 0.4418604651162791 0.30612244897959184 0.30612244897959184 0.3 0.28846153846153844 0.2549019607843137 0.20754716981132076 0.30952380952380953 0.2926829268292683 0.08695652173913043 
0.7536231884057971 0.5272727272727272 0.4745762711864407 0.423728813559322 0.6666666666666666 0.46511627906976744 0.4716981132075472 0.5531914893617021 0.5490196078431373 0.5283018867924528 0.49122807017543857 0.44642857142857145 0.5094339622641509 0.5094339622641509 
0.3050847457627119 0.08196721311475409 0.0 0.0 0.0 0.0 0.0 0.0 0.0 0.0 0.0 0.0 0.0 0.0 
0.7536231884057971 0.5652173913043478 0.6290322580645161 0.6792452830188679 0.6 0.6938775510204082 0.6938775510204082 0.6851851851851852 0.6923076923076923 0.6923076923076923 0.6792452830188679 0.6415094339622641 0.7192982456140351 0.7692307692307693 
0.24561403508771928 0.36666666666666664 0.36666666666666664 0.36666666666666664 0.3793103448275862 0.3793103448275862 0.38596491228070173 0.38596491228070173 0.39655172413793105 0.4 0.39655172413793105 0.39655172413793105 0.39655172413793105 0.39655172413793105 
0.2727272727272727 0.36666666666666664 0.36065573770491804 0.36666666666666664 0.3389830508474576 0.3389830508474576 0.3392857142857143 0.5192307692307693 0.5192307692307693 0.4339622641509434 0.45098039215686275 0.4074074074074074 0.4107142857142857 0.40350877192982454 
0.7536231884057971 0.5652173913043478 0.5652173913043478 0.6086956521739131 0.5185185185185185 0.4897959183673469 0.4897959183673469 0.5 0.38636363636363635 0.4444444444444444 0.5319148936170213 0.56 0.5102040816326531 0.5490196078431373 
0.3508771929824561 0.0 0.01818181818181818 0.0 0.0 0.0 0.0 0.0 0.0 0.0 0.0 0.0 0.0 0.0 
0.7536231884057971 0.5283018867924528 0.7346938775510204 0.7142857142857143 0.6938775510204082 0.723404255319149 0.75 0.7222222222222222 0.7368421052631579 0.711864406779661 0.6724137931034483 0.76 0.673469387755102 0.7142857142857143 
0.3050847457627119 0.023255813953488372 0.016666666666666666 0.016666666666666666 0.01639344262295082 0.01694915254237288 0.0 0.0 0.0 0.0 0.0 0.0 0.0 0.0 
0.0 0.0 0.0 0.0 0.0 0.0 0.0 0.0 0.0 0.0 0.0 0.0 0.0 0.0 
0.3275862068965517 0.32142857142857145 0.34545454545454546 0.37254901960784315 0.36538461538461536 0.3392857142857143 0.3018867924528302 0.28846153846153844 0.2549019607843137 0.22448979591836735 0.2127659574468085 0.2553191489361702 0.24 0.1702127659574468 
0.3793103448275862 0.037037037037037035 0.09259259259259259 0.09615384615384616 0.06521739130434782 0.1 0.09615384615384616 0.3541666666666667 0.48 0.47058823529411764 0.09433962264150944 0.10909090909090909 0.1111111111111111 0.12727272727272726 
0.3389830508474576 0.3548387096774194 0.36065573770491804 0.36666666666666664 0.35 0.3870967741935484 0.32142857142857145 0.3508771929824561 0.3448275862068966 0.3448275862068966 0.3620689655172414 0.40816326530612246 0.36 0.38181818181818183 
0.30612244897959184 0.01694915254237288 0.0 0.020833333333333332 0.018518518518518517 0.018518518518518517 0.01818181818181818 0.017857142857142856 0.017857142857142856 0.01818181818181818 0.0 0.0 0.0 0.02 
0.3103448275862069 0.0 0.0 0.0 0.0 0.0 0.0 0.0 0.0 0.0 0.0 0.0 0.0 0.0 
0.32 0.0 0.0 0.0 0.0 0.0 0.0 0.0 0.0 0.0 0.0 0.0 0.0 0.0 
0.5769230769230769 0.4666666666666667 0.20833333333333334 0.23076923076923078 0.2222222222222222 0.24 0.19607843137254902 0.18867924528301888 0.23076923076923078 0.2727272727272727 0.26785714285714285 0.22413793103448276 0.2037037037037037 0.19642857142857142 
0.3333333333333333 0.09090909090909091 0.05263157894736842 0.08955223880597014 0.11475409836065574 0.11475409836065574 0.15873015873015872 0.15254237288135594 0.06451612903225806 0.06451612903225806 0.08064516129032258 0.08333333333333333 0.08333333333333333 0.06557377049180328 
0.2807017543859649 0.0 0.02 0.0 0.0 0.0 0.0 0.0 0.0 0.0 0.0 0.0 0.0 0.0 
0.27419354838709675 0.62 0.44680851063829785 0.4528301886792453 0.4727272727272727 0.2909090909090909 0.6326530612244898 0.1276595744680851 0.125 0.125 0.14545454545454545 0.14814814814814814 0.14 0.17647058823529413 
0.5087719298245614 0.3 0.037037037037037035 0.0 0.04081632653061224 0.1320754716981132 0.12 0.12244897959183673 0.09433962264150944 0.09090909090909091 0.023255813953488372 0.022727272727272728 0.023809523809523808 0.023809523809523808 
0.3103448275862069 0.0 0.0 0.0 0.0 0.0 0.0 0.0 0.0 0.0 0.022222222222222223 0.0 0.0 0.0 
0.05 0.04918032786885246 0.2037037037037037 0.25757575757575757 0.11864406779661017 0.1206896551724138 0.11320754716981132 0.11538461538461539 0.11538461538461539 0.06 0.10204081632653061 0.11538461538461539 0.11320754716981132 0.11320754716981132 
0.27586206896551724 0.3548387096774194 0.3548387096774194 0.41935483870967744 0.3333333333333333 0.171875 0.25757575757575757 0.2727272727272727 0.41935483870967744 0.41935483870967744 0.41935483870967744 0.41935483870967744 0.4 0.3870967741935484 
0.30612244897959184 0.01694915254237288 0.0 0.03278688524590164 0.0 0.01639344262295082 0.0 0.1016949152542373 0.06153846153846154 0.06153846153846154 0.11290322580645161 0.10606060606060606 0.31343283582089554 0.4090909090909091 
0.3389830508474576 0.3548387096774194 0.5645161290322581 0.4 0.4 0.4 0.4 0.4426229508196721 0.47540983606557374 0.5409836065573771 0.5245901639344263 0.5333333333333333 0.5396825396825397 0.5901639344262295 
0.1320754716981132 0.03773584905660377 0.017857142857142856 0.02040816326530612 0.022222222222222223 0.020833333333333332 0.02 0.021739130434782608 0.020833333333333332 0.0 0.0 0.021739130434782608 0.0 0.0 
0.18181818181818182 0.0 0.21875 0.20967741935483872 0.15873015873015872 0.125 0.12244897959183673 0.10714285714285714 0.1774193548387097 0.1864406779661017 0.18333333333333332 0.1774193548387097 0.1935483870967742 0.21311475409836064 
0.3333333333333333 0.0 0.0 0.0 0.0 0.0 0.0 0.0 0.0 0.0 0.0 0.0 0.0 0.0 
0.24074074074074073 0.16393442622950818 0.0 0.017857142857142856 0.017241379310344827 0.0 0.0 0.0 0.0 0.0 0.0 0.0 0.0 0.0 
0.30158730158730157 0.3387096774193548 0.3050847457627119 0.11864406779661017 0.13793103448275862 0.47692307692307695 0.4098360655737705 0.46875 0.46875 0.453125 0.3 0.3103448275862069 0.3114754098360656 0.36065573770491804 
0.7619047619047619 0.5869565217391305 0.6938775510204082 0.7045454545454546 0.8163265306122449 0.8235294117647058 0.7916666666666666 0.7608695652173914 0.7391304347826086 0.68 0.6923076923076923 0.7843137254901961 0.7647058823529411 0.7924528301886793 
0.3389830508474576 0.3548387096774194 0.3548387096774194 0.55 0.5357142857142857 0.5076923076923077 0.36666666666666664 0.36666666666666664 0.32786885245901637 0.4426229508196721 0.38461538461538464 0.4 0.3230769230769231 0.5873015873015873 
0.24561403508771928 0.36666666666666664 0.3225806451612903 0.5079365079365079 0.453125 0.4090909090909091 0.3333333333333333 0.3787878787878788 0.3484848484848485 0.3880597014925373 0.4696969696969697 0.48484848484848486 0.5 0.48484848484848486 
0.37037037037037035 0.32142857142857145 0.37037037037037035 0.3584905660377358 0.3508771929824561 0.32558139534883723 0.2708333333333333 0.2653061224489796 0.2549019607843137 0.23529411764705882 0.11320754716981132 0.11320754716981132 0.11320754716981132 0.10526315789473684 
0.22807017543859648 0.3548387096774194 0.36065573770491804 0.4032258064516129 0.3870967741935484 0.38095238095238093 0.36507936507936506 0.2727272727272727 0.3090909090909091 0.3442622950819672 0.3442622950819672 0.3387096774193548 0.3968253968253968 0.3968253968253968 
0.3103448275862069 0.32142857142857145 0.3508771929824561 0.4230769230769231 0.4230769230769231 0.3333333333333333 0.3018867924528302 0.1836734693877551 0.18 0.18 0.022727272727272728 0.024390243902439025 0.023255813953488372 0.022222222222222223 
0.2413793103448276 0.36666666666666664 0.36666666666666664 0.4838709677419355 0.41935483870967744 0.17543859649122806 0.4745762711864407 0.36065573770491804 0.36065573770491804 0.4827586206896552 0.5 0.5254237288135594 0.6153846153846154 0.5606060606060606 
0.7619047619047619 0.5869565217391305 0.6346153846153846 0.6122448979591837 0.5918367346938775 0.5714285714285714 0.574468085106383 0.6666666666666666 0.6964285714285714 0.6964285714285714 0.7083333333333334 0.7291666666666666 0.7058823529411765 0.7058823529411765 
0.37735849056603776 0.08928571428571429 0.0 0.0 0.1836734693877551 0.044444444444444446 0.043478260869565216 0.0196078431372549 0.021739130434782608 0.043478260869565216 0.03508771929824561 0.05263157894736842 0.05357142857142857 0.0 
0.22807017543859648 0.0 0.3333333333333333 0.3620689655172414 0.5555555555555556 0.5555555555555556 0.5396825396825397 0.5254237288135594 0.4444444444444444 0.4838709677419355 0.4375 0.41935483870967744 0.5079365079365079 0.5409836065573771 
0.24074074074074073 0.0 0.0 0.05 0.0 0.0 0.0 0.0 0.0 0.0 0.0 0.0 0.0 0.0 
0.3389830508474576 0.3548387096774194 0.3064516129032258 0.3275862068965517 0.3103448275862069 0.45 0.3898305084745763 0.4 0.43333333333333335 0.43548387096774194 0.43548387096774194 0.43548387096774194 0.4745762711864407 0.4576271186440678 
0.1864406779661017 0.25396825396825395 0.23076923076923078 0.11666666666666667 0.1 0.045454545454545456 0.06060606060606061 0.06153846153846154 0.09230769230769231 0.09230769230769231 0.09230769230769231 0.1044776119402985 0.1044776119402985 0.11940298507462686 
0.3389830508474576 0.07692307692307693 0.07692307692307693 0.08064516129032258 0.0625 0.06557377049180328 0.19047619047619047 0.3880597014925373 0.45588235294117646 0.45588235294117646 0.34375 0.40298507462686567 0.40298507462686567 0.40298507462686567 
0.3076923076923077 0.36507936507936506 0.38095238095238093 0.4098360655737705 0.3076923076923077 0.3484848484848485 0.36363636363636365 0.3492063492063492 0.3225806451612903 0.18032786885245902 0.19230769230769232 0.1509433962264151 0.13725490196078433 0.13725490196078433 
0.7619047619047619 0.5869565217391305 0.574468085106383 0.5882352941176471 0.6730769230769231 0.66 0.673469387755102 0.6274509803921569 0.6842105263157895 0.6785714285714286 0.5833333333333334 0.5737704918032787 0.5737704918032787 0.5087719298245614 
0.3333333333333333 0.017241379310344827 0.017241379310344827 0.0 0.04 0.03773584905660377 0.03636363636363636 0.01818181818181818 0.015625 0.016129032258064516 0.016129032258064516 0.016666666666666666 0.05084745762711865 0.05084745762711865 
0.21153846153846154 0.0 0.32727272727272727 0.32142857142857145 0.32075471698113206 0.2033898305084746 0.18333333333333332 0.18518518518518517 0.0 0.0 0.0 0.0 0.0 0.0 
0.0 0.0 0.0 0.0 0.0 0.0 0.0 0.0 0.0 0.0 0.02040816326530612 0.02040816326530612 0.02040816326530612 0.019230769230769232 
0.27586206896551724 0.3548387096774194 0.36065573770491804 0.36666666666666664 0.4098360655737705 0.4032258064516129 0.4 0.4 0.4 0.4 0.48148148148148145 0.42105263157894735 0.42105263157894735 0.42105263157894735 
0.7536231884057971 0.5869565217391305 0.5 0.5192307692307693 0.5192307692307693 0.5961538461538461 0.5882352941176471 0.5686274509803921 0.6078431372549019 0.6153846153846154 0.6153846153846154 0.5833333333333334 0.5918367346938775 0.5918367346938775 
0.23214285714285715 0.01639344262295082 0.14754098360655737 0.14754098360655737 0.14754098360655737 0.015873015873015872 0.015873015873015872 0.015873015873015872 0.015873015873015872 0.015625 0.14516129032258066 0.14516129032258066 0.14285714285714285 0.14285714285714285 
0.5087719298245614 0.0 0.0 0.0 0.0 0.0 0.021739130434782608 0.0 0.0 0.024390243902439025 0.673469387755102 0.56 0.5555555555555556 0.5217391304347826 
0.3333333333333333 0.09090909090909091 0.08928571428571429 0.25862068965517243 0.16363636363636364 0.18181818181818182 0.2222222222222222 0.21818181818181817 0.2 0.17857142857142858 0.19642857142857142 0.17857142857142858 0.17857142857142858 0.21428571428571427 
0.3076923076923077 0.16363636363636364 0.2786885245901639 0.2786885245901639 0.20754716981132076 0.24074074074074073 0.24074074074074073 0.24074074074074073 0.34615384615384615 0.34615384615384615 0.35294117647058826 0.35294117647058826 0.35294117647058826 0.35294117647058826 
0.3103448275862069 0.022727272727272728 0.0 0.0 0.0 0.0 0.05660377358490566 0.05660377358490566 0.09433962264150944 0.09259259259259259 0.0 0.0 0.0 0.0 
0.3076923076923077 0.6538461538461539 0.40425531914893614 0.4 0.3409090909090909 0.37777777777777777 0.32608695652173914 0.2653061224489796 0.35555555555555557 0.35555555555555557 0.34782608695652173 0.3404255319148936 0.3404255319148936 0.3333333333333333 
0.7536231884057971 0.5869565217391305 0.574468085106383 0.6304347826086957 0.6304347826086957 0.6304347826086957 0.6304347826086957 0.6304347826086957 0.5892857142857143 0.543859649122807 0.3684210526315789 0.3684210526315789 0.41935483870967744 0.4262295081967213 
