
0.0010152284263959391 0.0010152284263959391 0.0010152284263959391 0.0010152284263959391 0.0010152284263959391 0.0010152284263959391 0.0010152284263959391 0.0010152284263959391 0.0010152284263959391 0.0010152284263959391 0.0010152284263959391 0.0010152284263959391 0.0010152284263959391 0.0010152284263959391 
0.018274111675126905 0.027411167512690356 0.027411167512690356 0.029441624365482234 0.029441624365482234 0.029441624365482234 0.029441624365482234 0.029441624365482234 0.029441624365482234 0.029441624365482234 0.029441624365482234 0.029441624365482234 0.029441624365482234 0.029441624365482234 
0.0020304568527918783 0.0020304568527918783 0.0040609137055837565 0.005076142131979695 0.005076142131979695 0.005076142131979695 0.007106598984771574 0.007106598984771574 0.007106598984771574 0.007106598984771574 0.007106598984771574 0.007106598984771574 0.007106598984771574 0.007106598984771574 
0.06091370558375635 0.083248730964467 0.083248730964467 0.083248730964467 0.083248730964467 0.083248730964467 0.083248730964467 0.083248730964467 0.083248730964467 0.083248730964467 0.083248730964467 0.083248730964467 0.083248730964467 0.083248730964467 
0.0 0.0 0.0 0.0 0.0 0.0 0.0 0.0 0.0 0.0 0.0 0.0 0.0 0.0 
0.0020304568527918783 0.005076142131979695 0.005076142131979695 0.005076142131979695 0.005076142131979695 0.005076142131979695 0.005076142131979695 0.005076142131979695 0.005076142131979695 0.005076142131979695 0.005076142131979695 0.005076142131979695 0.005076142131979695 0.005076142131979695 
0.003045685279187817 0.003045685279187817 0.003045685279187817 0.003045685279187817 0.003045685279187817 0.003045685279187817 0.003045685279187817 0.003045685279187817 0.003045685279187817 0.003045685279187817 0.003045685279187817 0.003045685279187817 0.003045685279187817 0.003045685279187817 
0.01116751269035533 0.023350253807106598 0.023350253807106598 0.023350253807106598 0.023350253807106598 0.023350253807106598 0.023350253807106598 0.023350253807106598 0.023350253807106598 0.023350253807106598 0.023350253807106598 0.023350253807106598 0.023350253807106598 0.023350253807106598 
0.0 0.0 0.0 0.0 0.0 0.0 0.0 0.0 0.0 0.0 0.0 0.0 0.0 0.0 
0.003045685279187817 0.007106598984771574 0.008121827411167513 0.01015228426395939 0.01015228426395939 0.01015228426395939 0.01015228426395939 0.01015228426395939 0.01015228426395939 0.01015228426395939 0.01015228426395939 0.01015228426395939 0.01015228426395939 0.01015228426395939 
0.0010152284263959391 0.0010152284263959391 0.0010152284263959391 0.0010152284263959391 0.0010152284263959391 0.0010152284263959391 0.0010152284263959391 0.0010152284263959391 0.0010152284263959391 0.0010152284263959391 0.0010152284263959391 0.0010152284263959391 0.0010152284263959391 0.0010152284263959391 
0.0 0.0010152284263959391 0.0010152284263959391 0.0010152284263959391 0.0010152284263959391 0.0010152284263959391 0.0010152284263959391 0.0010152284263959391 0.0010152284263959391 0.0010152284263959391 0.0010152284263959391 0.0010152284263959391 0.0010152284263959391 0.0010152284263959391 
0.0040609137055837565 0.0040609137055837565 0.0040609137055837565 0.0040609137055837565 0.0040609137055837565 0.0040609137055837565 0.0040609137055837565 0.0040609137055837565 0.0040609137055837565 0.0040609137055837565 0.0040609137055837565 0.0040609137055837565 0.0040609137055837565 0.0040609137055837565 
0.0 0.0 0.0 0.0 0.0 0.0 0.0 0.0 0.0 0.0 0.0 0.0 0.0 0.0 
0.0 0.0010152284263959391 0.0010152284263959391 0.0010152284263959391 0.0010152284263959391 0.0010152284263959391 0.0010152284263959391 0.0010152284263959391 0.0010152284263959391 0.0010152284263959391 0.0010152284263959391 0.0010152284263959391 0.0010152284263959391 0.0010152284263959391 
0.003045685279187817 0.003045685279187817 0.0040609137055837565 0.0040609137055837565 0.0040609137055837565 0.0040609137055837565 0.0040609137055837565 0.0040609137055837565 0.0040609137055837565 0.0040609137055837565 0.0040609137055837565 0.0040609137055837565 0.0040609137055837565 0.0040609137055837565 
0.06091370558375635 0.10355329949238579 0.10355329949238579 0.10355329949238579 0.10355329949238579 0.10355329949238579 0.10355329949238579 0.10355329949238579 0.10355329949238579 0.10355329949238579 0.10355329949238579 0.10355329949238579 0.10355329949238579 0.10355329949238579 
0.0010152284263959391 0.003045685279187817 0.003045685279187817 0.003045685279187817 0.003045685279187817 0.003045685279187817 0.003045685279187817 0.003045685279187817 0.003045685279187817 0.003045685279187817 0.003045685279187817 0.003045685279187817 0.003045685279187817 0.003045685279187817 
0.0 0.0 0.0 0.0 0.0 0.0 0.0 0.0 0.0 0.0 0.0 0.0 0.0 0.0 
0.0 0.0 0.0 0.0 0.0 0.0 0.0 0.0 0.0 0.0 0.0 0.0 0.0 0.0 
0.0 0.0010152284263959391 0.0010152284263959391 0.0010152284263959391 0.0010152284263959391 0.0010152284263959391 0.0010152284263959391 0.0010152284263959391 0.0010152284263959391 0.0010152284263959391 0.0010152284263959391 0.0010152284263959391 0.0010152284263959391 0.0010152284263959391 
0.0020304568527918783 0.003045685279187817 0.003045685279187817 0.003045685279187817 0.003045685279187817 0.003045685279187817 0.003045685279187817 0.003045685279187817 0.003045685279187817 0.003045685279187817 0.003045685279187817 0.003045685279187817 0.003045685279187817 0.003045685279187817 
0.0010152284263959391 0.0020304568527918783 0.0020304568527918783 0.003045685279187817 0.003045685279187817 0.003045685279187817 0.003045685279187817 0.003045685279187817 0.003045685279187817 0.003045685279187817 0.003045685279187817 0.003045685279187817 0.003045685279187817 0.003045685279187817 
0.04568527918781726 0.07817258883248732 0.07817258883248732 0.07817258883248732 0.07817258883248732 0.08121827411167512 0.08121827411167512 0.08121827411167512 0.08426395939086294 0.08426395939086294 0.08527918781725888 0.08527918781725888 0.0883248730964467 0.0883248730964467 
0.03959390862944162 0.048730964467005075 0.048730964467005075 0.048730964467005075 0.05177664974619289 0.05177664974619289 0.05177664974619289 0.05177664974619289 0.05279187817258883 0.06395939086294417 0.116751269035533 0.116751269035533 0.116751269035533 0.116751269035533 
0.0 0.0010152284263959391 0.0010152284263959391 0.0010152284263959391 0.0010152284263959391 0.0010152284263959391 0.0010152284263959391 0.0010152284263959391 0.0010152284263959391 0.0010152284263959391 0.0010152284263959391 0.0010152284263959391 0.0010152284263959391 0.0010152284263959391 
0.0 0.0 0.0 0.0 0.0 0.0 0.0 0.0 0.0 0.0 0.0 0.0 0.0 0.0 
0.0 0.0 0.0 0.0 0.0 0.0 0.0 0.0 0.0 0.0 0.0 0.0 0.0 0.0 
0.0 0.0 0.0 0.0 0.0 0.0 0.0 0.0 0.0 0.0 0.0 0.0 0.0 0.0 
0.0 0.0 0.0 0.0 0.0 0.0 0.0 0.0 0.0 0.0 0.0 0.0 0.0 0.0 
0.0010152284263959391 0.0010152284263959391 0.0010152284263959391 0.0010152284263959391 0.0010152284263959391 0.0010152284263959391 0.0010152284263959391 0.0010152284263959391 0.0010152284263959391 0.0010152284263959391 0.0010152284263959391 0.0010152284263959391 0.0010152284263959391 0.0010152284263959391 
0.0751269035532995 0.11269035532994924 0.11269035532994924 0.11269035532994924 0.11269035532994924 0.11269035532994924 0.11269035532994924 0.11573604060913706 0.11573604060913706 0.11573604060913706 0.11573604060913706 0.11776649746192894 0.11878172588832488 0.11878172588832488 
0.0010152284263959391 0.0020304568527918783 0.0020304568527918783 0.0020304568527918783 0.0020304568527918783 0.0020304568527918783 0.0020304568527918783 0.0020304568527918783 0.0020304568527918783 0.0020304568527918783 0.0020304568527918783 0.0020304568527918783 0.0020304568527918783 0.0020304568527918783 
0.0 0.0 0.0 0.0 0.0 0.0 0.0 0.0 0.0 0.0 0.0 0.0 0.0 0.0 
0.0 0.0 0.0 0.0 0.0 0.0 0.0 0.0 0.0 0.0 0.0 0.0 0.0 0.0 
0.0020304568527918783 0.0020304568527918783 0.0020304568527918783 0.0020304568527918783 0.0020304568527918783 0.0020304568527918783 0.0020304568527918783 0.0020304568527918783 0.0020304568527918783 0.0020304568527918783 0.0020304568527918783 0.0020304568527918783 0.0020304568527918783 0.0020304568527918783 
0.0020304568527918783 0.0040609137055837565 0.008121827411167513 0.013197969543147208 0.013197969543147208 0.013197969543147208 0.013197969543147208 0.013197969543147208 0.013197969543147208 0.013197969543147208 0.013197969543147208 0.013197969543147208 0.013197969543147208 0.013197969543147208 
0.0 0.0010152284263959391 0.0010152284263959391 0.0010152284263959391 0.0010152284263959391 0.0010152284263959391 0.0010152284263959391 0.0010152284263959391 0.0010152284263959391 0.0010152284263959391 0.0010152284263959391 0.0010152284263959391 0.0010152284263959391 0.0010152284263959391 
0.0 0.0 0.0 0.0 0.0 0.0 0.0 0.0 0.0 0.0 0.0 0.0 0.0 0.0 
0.0 0.0010152284263959391 0.0010152284263959391 0.0010152284263959391 0.0010152284263959391 0.0010152284263959391 0.0010152284263959391 0.0010152284263959391 0.0010152284263959391 0.0010152284263959391 0.0010152284263959391 0.0010152284263959391 0.0010152284263959391 0.0010152284263959391 
0.0 0.0 0.0 0.0 0.0 0.0 0.0 0.0 0.0 0.0 0.0 0.0 0.0 0.0 
0.0 0.0 0.0 0.0 0.0 0.0 0.0 0.0 0.0 0.0 0.0 0.0 0.0 0.0 
0.0040609137055837565 0.006091370558375634 0.007106598984771574 0.007106598984771574 0.007106598984771574 0.007106598984771574 0.007106598984771574 0.007106598984771574 0.007106598984771574 0.007106598984771574 0.007106598984771574 0.007106598984771574 0.007106598984771574 0.007106598984771574 
0.003045685279187817 0.003045685279187817 0.003045685279187817 0.003045685279187817 0.003045685279187817 0.003045685279187817 0.003045685279187817 0.003045685279187817 0.003045685279187817 0.003045685279187817 0.003045685279187817 0.003045685279187817 0.003045685279187817 0.003045685279187817 
0.0 0.0 0.0 0.0 0.0 0.0 0.0 0.0 0.0 0.0 0.0 0.0 0.0 0.0 
0.05583756345177665 0.06903553299492386 0.06903553299492386 0.06903553299492386 0.06903553299492386 0.06903553299492386 0.06903553299492386 0.06903553299492386 0.06903553299492386 0.06903553299492386 0.06903553299492386 0.06903553299492386 0.06903553299492386 0.06903553299492386 
0.003045685279187817 0.018274111675126905 0.019289340101522844 0.019289340101522844 0.019289340101522844 0.019289340101522844 0.019289340101522844 0.019289340101522844 0.019289340101522844 0.019289340101522844 0.019289340101522844 0.019289340101522844 0.019289340101522844 0.019289340101522844 
0.06091370558375635 0.08121827411167512 0.08121827411167512 0.08121827411167512 0.08121827411167512 0.08121827411167512 0.08121827411167512 0.08121827411167512 0.08121827411167512 0.08121827411167512 0.08121827411167512 0.08121827411167512 0.08121827411167512 0.08121827411167512 
0.06091370558375635 0.08121827411167512 0.08121827411167512 0.08121827411167512 0.08629441624365482 0.08629441624365482 0.08629441624365482 0.08629441624365482 0.08629441624365482 0.08629441624365482 0.08629441624365482 0.08629441624365482 0.08629441624365482 0.08629441624365482 
0.05482233502538071 0.10964467005076142 0.10964467005076142 0.11269035532994924 0.11269035532994924 0.11269035532994924 0.11269035532994924 0.11269035532994924 0.11269035532994924 0.11269035532994924 0.11269035532994924 0.11269035532994924 0.11269035532994924 0.11269035532994924 
0.0 0.0 0.0 0.0 0.0 0.0 0.0 0.0 0.0 0.0 0.0 0.0 0.0 0.0 
0.06091370558375635 0.0883248730964467 0.09340101522842639 0.09340101522842639 0.09340101522842639 0.09746192893401015 0.09746192893401015 0.09949238578680203 0.10152284263959391 0.10152284263959391 0.10253807106598985 0.11776649746192894 0.12081218274111676 0.1218274111675127 
0.007106598984771574 0.016243654822335026 0.02030456852791878 0.02131979695431472 0.02233502538071066 0.023350253807106598 0.024365482233502538 0.025380710659898477 0.025380710659898477 0.025380710659898477 0.025380710659898477 0.025380710659898477 0.025380710659898477 0.025380710659898477 
0.047715736040609136 0.09035532994923857 0.10456852791878173 0.11370558375634518 0.13908629441624365 0.14213197969543148 0.14517766497461929 0.14619289340101524 0.14923857868020304 0.14923857868020304 0.15228426395939088 0.15431472081218275 0.15431472081218275 0.15431472081218275 
0.0010152284263959391 0.0010152284263959391 0.0010152284263959391 0.0010152284263959391 0.003045685279187817 0.003045685279187817 0.008121827411167513 0.009137055837563452 0.01015228426395939 0.01015228426395939 0.01015228426395939 0.01015228426395939 0.01015228426395939 0.01015228426395939 
0.05583756345177665 0.06192893401015229 0.06395939086294417 0.06395939086294417 0.06395939086294417 0.0649746192893401 0.06903553299492386 0.06903553299492386 0.06903553299492386 0.07106598984771574 0.07208121827411168 0.07208121827411168 0.07208121827411168 0.07208121827411168 
0.05482233502538071 0.06598984771573604 0.06598984771573604 0.06598984771573604 0.06700507614213198 0.06700507614213198 0.0700507614213198 0.0700507614213198 0.07309644670050762 0.07309644670050762 0.07309644670050762 0.07309644670050762 0.07411167512690356 0.07411167512690356 
0.0 0.0 0.0 0.0 0.0 0.0 0.0 0.0 0.0 0.0 0.0 0.0 0.0 0.0 
0.0010152284263959391 0.0010152284263959391 0.0010152284263959391 0.0010152284263959391 0.0010152284263959391 0.0010152284263959391 0.0010152284263959391 0.0010152284263959391 0.0010152284263959391 0.0010152284263959391 0.0010152284263959391 0.0010152284263959391 0.0010152284263959391 0.0010152284263959391 
0.003045685279187817 0.008121827411167513 0.009137055837563452 0.01015228426395939 0.01015228426395939 0.012182741116751269 0.012182741116751269 0.013197969543147208 0.014213197969543147 0.014213197969543147 0.014213197969543147 0.014213197969543147 0.014213197969543147 0.014213197969543147 
0.05685279187817259 0.07817258883248732 0.07918781725888324 0.08121827411167512 0.08121827411167512 0.08527918781725888 0.08527918781725888 0.08527918781725888 0.08629441624365482 0.08629441624365482 0.08730964467005076 0.08730964467005076 0.08730964467005076 0.08730964467005076 
0.0020304568527918783 0.0020304568527918783 0.005076142131979695 0.005076142131979695 0.006091370558375634 0.006091370558375634 0.006091370558375634 0.006091370558375634 0.006091370558375634 0.006091370558375634 0.006091370558375634 0.006091370558375634 0.006091370558375634 0.006091370558375634 
0.06091370558375635 0.08121827411167512 0.0883248730964467 0.09035532994923857 0.09035532994923857 0.09137055837563451 0.09441624365482233 0.09441624365482233 0.09644670050761421 0.10050761421319797 0.10456852791878173 0.1065989847715736 0.10761421319796954 0.1218274111675127 
0.0020304568527918783 0.0020304568527918783 0.0020304568527918783 0.0020304568527918783 0.0020304568527918783 0.0020304568527918783 0.0020304568527918783 0.0020304568527918783 0.0020304568527918783 0.0020304568527918783 0.0020304568527918783 0.0020304568527918783 0.0020304568527918783 0.0020304568527918783 
0.0 0.008121827411167513 0.008121827411167513 0.008121827411167513 0.008121827411167513 0.008121827411167513 0.008121827411167513 0.008121827411167513 0.009137055837563452 0.009137055837563452 0.009137055837563452 0.009137055837563452 0.009137055837563452 0.009137055837563452 
0.06091370558375635 0.083248730964467 0.09035532994923857 0.09035532994923857 0.09340101522842639 0.09543147208121827 0.09543147208121827 0.09543147208121827 0.10152284263959391 0.10355329949238579 0.10456852791878173 0.10456852791878173 0.10558375634517767 0.10862944162436548 
0.05583756345177665 0.09847715736040609 0.09847715736040609 0.09847715736040609 0.10253807106598985 0.10253807106598985 0.10964467005076142 0.10964467005076142 0.10964467005076142 0.11065989847715736 0.1116751269035533 0.11573604060913706 0.11573604060913706 0.11573604060913706 
0.003045685279187817 0.005076142131979695 0.005076142131979695 0.005076142131979695 0.005076142131979695 0.005076142131979695 0.005076142131979695 0.005076142131979695 0.005076142131979695 0.005076142131979695 0.005076142131979695 0.005076142131979695 0.006091370558375634 0.006091370558375634 
0.06903553299492386 0.08629441624365482 0.09644670050761421 0.09847715736040609 0.09847715736040609 0.09847715736040609 0.12791878172588833 0.13096446700507614 0.13096446700507614 0.1319796954314721 0.13908629441624365 0.13908629441624365 0.14111675126903553 0.14111675126903553 
0.0 0.0 0.0 0.0 0.0 0.0 0.0 0.0 0.0 0.0 0.0 0.0 0.0 0.0 
0.0010152284263959391 0.0010152284263959391 0.0010152284263959391 0.0020304568527918783 0.0020304568527918783 0.0020304568527918783 0.0020304568527918783 0.0020304568527918783 0.0020304568527918783 0.0020304568527918783 0.0020304568527918783 0.0020304568527918783 0.0020304568527918783 0.0020304568527918783 
0.05583756345177665 0.11065989847715736 0.11065989847715736 0.11065989847715736 0.11269035532994924 0.11573604060913706 0.11573604060913706 0.11573604060913706 0.11573604060913706 0.11573604060913706 0.11573604060913706 0.11573604060913706 0.11573604060913706 0.11573604060913706 
0.05482233502538071 0.10964467005076142 0.10964467005076142 0.11269035532994924 0.11472081218274112 0.11472081218274112 0.11472081218274112 0.11472081218274112 0.11472081218274112 0.11472081218274112 0.11878172588832488 0.11878172588832488 0.11878172588832488 0.11878172588832488 
0.05989847715736041 0.07106598984771574 0.07106598984771574 0.07208121827411168 0.07309644670050762 0.07309644670050762 0.07309644670050762 0.0751269035532995 0.0751269035532995 0.07817258883248732 0.09949238578680203 0.09949238578680203 0.09949238578680203 0.09949238578680203 
0.0 0.0 0.0 0.0 0.0 0.0 0.0 0.0 0.0 0.0 0.0 0.0 0.0 0.0 
0.003045685279187817 0.006091370558375634 0.006091370558375634 0.006091370558375634 0.006091370558375634 0.006091370558375634 0.007106598984771574 0.007106598984771574 0.008121827411167513 0.008121827411167513 0.008121827411167513 0.008121827411167513 0.008121827411167513 0.008121827411167513 
0.0010152284263959391 0.0010152284263959391 0.0010152284263959391 0.0010152284263959391 0.0010152284263959391 0.0020304568527918783 0.0020304568527918783 0.0020304568527918783 0.0020304568527918783 0.0020304568527918783 0.0020304568527918783 0.0020304568527918783 0.0020304568527918783 0.0020304568527918783 
0.0010152284263959391 0.0010152284263959391 0.0010152284263959391 0.0010152284263959391 0.0010152284263959391 0.0010152284263959391 0.0010152284263959391 0.0010152284263959391 0.0010152284263959391 0.0010152284263959391 0.0010152284263959391 0.0010152284263959391 0.0010152284263959391 0.0010152284263959391 
0.05685279187817259 0.09238578680203045 0.12690355329949238 0.12690355329949238 0.12893401015228426 0.12893401015228426 0.12893401015228426 0.12893401015228426 0.12893401015228426 0.1299492385786802 0.13604060913705585 0.13604060913705585 0.13705583756345177 0.14111675126903553 
0.0 0.0 0.0 0.0 0.0 0.0 0.0 0.0 0.0 0.0 0.0 0.0 0.0 0.0 
0.05482233502538071 0.10862944162436548 0.10862944162436548 0.11269035532994924 0.11370558375634518 0.1218274111675127 0.1218274111675127 0.12690355329949238 0.12690355329949238 0.13401015228426397 0.13401015228426397 0.13401015228426397 0.13401015228426397 0.13807106598984772 
0.0010152284263959391 0.0010152284263959391 0.0020304568527918783 0.0020304568527918783 0.0020304568527918783 0.0020304568527918783 0.0020304568527918783 0.0020304568527918783 0.0020304568527918783 0.0020304568527918783 0.0020304568527918783 0.0020304568527918783 0.0020304568527918783 0.0020304568527918783 
0.0 0.0 0.0 0.0 0.0 0.0 0.0 0.0 0.0 0.0 0.0 0.0010152284263959391 0.0010152284263959391 0.0010152284263959391 
0.0010152284263959391 0.0010152284263959391 0.0020304568527918783 0.0020304568527918783 0.0020304568527918783 0.003045685279187817 0.003045685279187817 0.003045685279187817 0.003045685279187817 0.003045685279187817 0.003045685279187817 0.003045685279187817 0.003045685279187817 0.003045685279187817 
0.0 0.0 0.0 0.0 0.0 0.0 0.0 0.0 0.0 0.0 0.0 0.0 0.0 0.0 
0.0010152284263959391 0.005076142131979695 0.01116751269035533 0.01116751269035533 0.01116751269035533 0.01116751269035533 0.01116751269035533 0.01116751269035533 0.01116751269035533 0.01116751269035533 0.01116751269035533 0.01116751269035533 0.01116751269035533 0.01116751269035533 
0.05583756345177665 0.09847715736040609 0.09847715736040609 0.10456852791878173 0.10456852791878173 0.10862944162436548 0.1116751269035533 0.1116751269035533 0.1116751269035533 0.11269035532994924 0.11370558375634518 0.11370558375634518 0.11370558375634518 0.11370558375634518 
0.005076142131979695 0.007106598984771574 0.007106598984771574 0.007106598984771574 0.008121827411167513 0.008121827411167513 0.008121827411167513 0.008121827411167513 0.008121827411167513 0.01015228426395939 0.01015228426395939 0.01015228426395939 0.01015228426395939 0.01015228426395939 
0.003045685279187817 0.0040609137055837565 0.0040609137055837565 0.0040609137055837565 0.005076142131979695 0.006091370558375634 0.006091370558375634 0.006091370558375634 0.006091370558375634 0.006091370558375634 0.006091370558375634 0.006091370558375634 0.006091370558375634 0.006091370558375634 
0.046700507614213196 0.1116751269035533 0.1116751269035533 0.1116751269035533 0.1116751269035533 0.1116751269035533 0.1116751269035533 0.11573604060913706 0.11573604060913706 0.11573604060913706 0.11573604060913706 0.11573604060913706 0.11573604060913706 0.11573604060913706 
0.0 0.0 0.0 0.0 0.0 0.0 0.0 0.0 0.0 0.0 0.0 0.0 0.0 0.0 
0.003045685279187817 0.008121827411167513 0.009137055837563452 0.009137055837563452 0.009137055837563452 0.009137055837563452 0.009137055837563452 0.01015228426395939 0.01015228426395939 0.01015228426395939 0.01015228426395939 0.01015228426395939 0.01015228426395939 0.01015228426395939 
0.003045685279187817 0.005076142131979695 0.005076142131979695 0.005076142131979695 0.005076142131979695 0.005076142131979695 0.006091370558375634 0.006091370558375634 0.006091370558375634 0.006091370558375634 0.006091370558375634 0.006091370558375634 0.006091370558375634 0.006091370558375634 
0.0 0.0020304568527918783 0.0020304568527918783 0.003045685279187817 0.003045685279187817 0.003045685279187817 0.003045685279187817 0.003045685279187817 0.003045685279187817 0.003045685279187817 0.003045685279187817 0.003045685279187817 0.003045685279187817 0.003045685279187817 
0.0 0.0 0.0 0.0010152284263959391 0.0010152284263959391 0.0010152284263959391 0.0010152284263959391 0.0010152284263959391 0.0010152284263959391 0.0010152284263959391 0.0010152284263959391 0.0010152284263959391 0.0010152284263959391 0.0010152284263959391 
0.0 0.0 0.0 0.0 0.0 0.0 0.0 0.0 0.0 0.0 0.0 0.0 0.0 0.0 
0.003045685279187817 0.007106598984771574 0.009137055837563452 0.01015228426395939 0.01015228426395939 0.01116751269035533 0.01116751269035533 0.01116751269035533 0.01116751269035533 0.01116751269035533 0.01116751269035533 0.01116751269035533 0.01116751269035533 0.01116751269035533 
0.0 0.0 0.0 0.0 0.0 0.0 0.0 0.0 0.0 0.0 0.0 0.0 0.0 0.0 
0.05482233502538071 0.06598984771573604 0.06598984771573604 0.06598984771573604 0.06903553299492386 0.06903553299492386 0.07106598984771574 0.07208121827411168 0.07208121827411168 0.07208121827411168 0.07309644670050762 0.07309644670050762 0.07817258883248732 0.08730964467005076 
0.0010152284263959391 0.0010152284263959391 0.0010152284263959391 0.0010152284263959391 0.0010152284263959391 0.0010152284263959391 0.0010152284263959391 0.0010152284263959391 0.0010152284263959391 0.0010152284263959391 0.0010152284263959391 0.0010152284263959391 0.0010152284263959391 0.0010152284263959391 
0.003045685279187817 0.003045685279187817 0.003045685279187817 0.003045685279187817 0.0040609137055837565 0.0040609137055837565 0.0040609137055837565 0.0040609137055837565 0.0040609137055837565 0.0040609137055837565 0.0040609137055837565 0.0040609137055837565 0.0040609137055837565 0.0040609137055837565 
0.0 0.0 0.0 0.0 0.0 0.0 0.0 0.0 0.0 0.0 0.0 0.0 0.0 0.0 
0.0010152284263959391 0.0010152284263959391 0.0010152284263959391 0.0010152284263959391 0.0010152284263959391 0.0010152284263959391 0.0010152284263959391 0.0010152284263959391 0.0020304568527918783 0.0020304568527918783 0.0020304568527918783 0.0020304568527918783 0.0020304568527918783 0.0020304568527918783 
0.0 0.0 0.0 0.0 0.0 0.0 0.0 0.0 0.0 0.0 0.0 0.0 0.0 0.0 
0.0010152284263959391 0.0010152284263959391 0.0010152284263959391 0.0010152284263959391 0.0010152284263959391 0.0010152284263959391 0.0010152284263959391 0.0010152284263959391 0.0010152284263959391 0.0010152284263959391 0.0010152284263959391 0.0010152284263959391 0.0010152284263959391 0.0010152284263959391 
0.0 0.0 0.0 0.0 0.0 0.0 0.0 0.0 0.0 0.0 0.0 0.0 0.0 0.0 
0.05482233502538071 0.05888324873096447 0.05888324873096447 0.06091370558375635 0.06091370558375635 0.07411167512690356 0.0751269035532995 0.0751269035532995 0.10152284263959391 0.11065989847715736 0.11370558375634518 0.11776649746192894 0.11878172588832488 0.12081218274111676 
0.0 0.0010152284263959391 0.0010152284263959391 0.0010152284263959391 0.0010152284263959391 0.0010152284263959391 0.0010152284263959391 0.0010152284263959391 0.0010152284263959391 0.0010152284263959391 0.0010152284263959391 0.0010152284263959391 0.0010152284263959391 0.0010152284263959391 
0.025380710659898477 0.03857868020304569 0.03959390862944162 0.04060913705583756 0.05685279187817259 0.05685279187817259 0.06294416243654823 0.06395939086294417 0.06598984771573604 0.06598984771573604 0.07208121827411168 0.09949238578680203 0.10152284263959391 0.12487309644670051 
0.0 0.0 0.0 0.0 0.0 0.0 0.0 0.0 0.0 0.0 0.0 0.0 0.0 0.0 
0.06091370558375635 0.12081218274111676 0.12081218274111676 0.12081218274111676 0.12081218274111676 0.12081218274111676 0.12081218274111676 0.12081218274111676 0.12081218274111676 0.12081218274111676 0.12081218274111676 0.12081218274111676 0.12081218274111676 0.12081218274111676 
0.0010152284263959391 0.0010152284263959391 0.0020304568527918783 0.0020304568527918783 0.0020304568527918783 0.0020304568527918783 0.0020304568527918783 0.0020304568527918783 0.0020304568527918783 0.0020304568527918783 0.0020304568527918783 0.0020304568527918783 0.0020304568527918783 0.0020304568527918783 
0.025380710659898477 0.11573604060913706 0.13604060913705585 0.13705583756345177 0.14720812182741116 0.14720812182741116 0.15228426395939088 0.15228426395939088 0.15228426395939088 0.15228426395939088 0.15228426395939088 0.15228426395939088 0.15228426395939088 0.15228426395939088 
0.0010152284263959391 0.0010152284263959391 0.0010152284263959391 0.0010152284263959391 0.0010152284263959391 0.0010152284263959391 0.0010152284263959391 0.0010152284263959391 0.0010152284263959391 0.0010152284263959391 0.0010152284263959391 0.0010152284263959391 0.0010152284263959391 0.0010152284263959391 
0.05685279187817259 0.06700507614213198 0.06700507614213198 0.06802030456852792 0.06802030456852792 0.06802030456852792 0.07208121827411168 0.08629441624365482 0.08730964467005076 0.08730964467005076 0.10050761421319797 0.11065989847715736 0.11065989847715736 0.12588832487309645 
0.05786802030456853 0.11573604060913706 0.11573604060913706 0.12081218274111676 0.12284263959390863 0.12284263959390863 0.12284263959390863 0.12284263959390863 0.12284263959390863 0.12284263959390863 0.12487309644670051 0.12487309644670051 0.12487309644670051 0.12487309644670051 
0.0 0.0 0.0 0.0 0.0 0.0010152284263959391 0.0010152284263959391 0.0010152284263959391 0.0010152284263959391 0.0010152284263959391 0.0010152284263959391 0.0010152284263959391 0.0010152284263959391 0.0010152284263959391 
0.0 0.0 0.0 0.0 0.0 0.0 0.0 0.0 0.0 0.0 0.0 0.0 0.0 0.0 
0.06091370558375635 0.10355329949238579 0.10355329949238579 0.11573604060913706 0.12081218274111676 0.12487309644670051 0.12893401015228426 0.13401015228426397 0.14213197969543148 0.14213197969543148 0.14213197969543148 0.14213197969543148 0.1431472081218274 0.14416243654822336 
0.0 0.0010152284263959391 0.0010152284263959391 0.0010152284263959391 0.0010152284263959391 0.0010152284263959391 0.0010152284263959391 0.0010152284263959391 0.0010152284263959391 0.0010152284263959391 0.0010152284263959391 0.0010152284263959391 0.0010152284263959391 0.0010152284263959391 
0.003045685279187817 0.005076142131979695 0.006091370558375634 0.007106598984771574 0.008121827411167513 0.008121827411167513 0.008121827411167513 0.008121827411167513 0.008121827411167513 0.008121827411167513 0.008121827411167513 0.008121827411167513 0.008121827411167513 0.008121827411167513 
0.0020304568527918783 0.003045685279187817 0.003045685279187817 0.003045685279187817 0.003045685279187817 0.003045685279187817 0.003045685279187817 0.003045685279187817 0.003045685279187817 0.003045685279187817 0.003045685279187817 0.003045685279187817 0.003045685279187817 0.003045685279187817 
0.0 0.0 0.0 0.0 0.0 0.0 0.0 0.0 0.0 0.0 0.0 0.0 0.0 0.0 
0.007106598984771574 0.012182741116751269 0.012182741116751269 0.012182741116751269 0.012182741116751269 0.012182741116751269 0.012182741116751269 0.012182741116751269 0.012182741116751269 0.012182741116751269 0.012182741116751269 0.012182741116751269 0.012182741116751269 0.012182741116751269 
0.018274111675126905 0.06700507614213198 0.07411167512690356 0.08223350253807106 0.08426395939086294 0.08527918781725888 0.08527918781725888 0.08629441624365482 0.09441624365482233 0.09746192893401015 0.09847715736040609 0.09847715736040609 0.09847715736040609 0.09847715736040609 
0.0010152284263959391 0.0010152284263959391 0.0010152284263959391 0.0010152284263959391 0.0010152284263959391 0.0010152284263959391 0.0010152284263959391 0.0010152284263959391 0.0010152284263959391 0.0010152284263959391 0.0010152284263959391 0.0010152284263959391 0.0010152284263959391 0.0010152284263959391 
0.0 0.0 0.0 0.0 0.0 0.0 0.0 0.0 0.0 0.0 0.0 0.0 0.0 0.0 
0.04568527918781726 0.06598984771573604 0.06598984771573604 0.06598984771573604 0.06802030456852792 0.06903553299492386 0.0700507614213198 0.07411167512690356 0.07411167512690356 0.07715736040609138 0.08121827411167512 0.08121827411167512 0.08121827411167512 0.10355329949238579 
0.0 0.0 0.0 0.0 0.0 0.0 0.0 0.0 0.0 0.0 0.0 0.0 0.0 0.0 
0.06091370558375635 0.10050761421319797 0.10761421319796954 0.10761421319796954 0.11269035532994924 0.11573604060913706 0.11573604060913706 0.11573604060913706 0.12081218274111676 0.12081218274111676 0.12487309644670051 0.12791878172588833 0.13705583756345177 0.13705583756345177 
0.0020304568527918783 0.0040609137055837565 0.0040609137055837565 0.0040609137055837565 0.0040609137055837565 0.0040609137055837565 0.0040609137055837565 0.0040609137055837565 0.0040609137055837565 0.0040609137055837565 0.0040609137055837565 0.0040609137055837565 0.0040609137055837565 0.0040609137055837565 
0.048730964467005075 0.11573604060913706 0.11776649746192894 0.11776649746192894 0.11776649746192894 0.11776649746192894 0.11776649746192894 0.11776649746192894 0.11776649746192894 0.11776649746192894 0.11776649746192894 0.11776649746192894 0.1218274111675127 0.1218274111675127 
0.0 0.0 0.0 0.0 0.0 0.0 0.0 0.0 0.0 0.0 0.0 0.0 0.0 0.0 
0.0010152284263959391 0.0010152284263959391 0.0010152284263959391 0.0010152284263959391 0.0010152284263959391 0.0010152284263959391 0.0010152284263959391 0.0010152284263959391 0.0010152284263959391 0.0010152284263959391 0.0010152284263959391 0.0010152284263959391 0.0010152284263959391 0.0010152284263959391 
0.05786802030456853 0.08629441624365482 0.09238578680203045 0.09644670050761421 0.10862944162436548 0.11573604060913706 0.12487309644670051 0.13705583756345177 0.13705583756345177 0.13705583756345177 0.13705583756345177 0.13705583756345177 0.13705583756345177 0.13705583756345177 
0.0020304568527918783 0.0020304568527918783 0.0020304568527918783 0.0020304568527918783 0.0020304568527918783 0.0020304568527918783 0.003045685279187817 0.003045685279187817 0.003045685279187817 0.003045685279187817 0.003045685279187817 0.003045685279187817 0.003045685279187817 0.003045685279187817 
0.0 0.0 0.0 0.0 0.0 0.0 0.0 0.0 0.0 0.0 0.0 0.0 0.0 0.0 
0.0020304568527918783 0.008121827411167513 0.008121827411167513 0.008121827411167513 0.008121827411167513 0.008121827411167513 0.009137055837563452 0.009137055837563452 0.009137055837563452 0.009137055837563452 0.009137055837563452 0.009137055837563452 0.009137055837563452 0.009137055837563452 
0.0 0.0 0.0 0.0 0.0 0.0 0.0010152284263959391 0.0010152284263959391 0.0010152284263959391 0.0010152284263959391 0.0010152284263959391 0.0010152284263959391 0.0010152284263959391 0.0010152284263959391 
0.003045685279187817 0.008121827411167513 0.012182741116751269 0.012182741116751269 0.012182741116751269 0.013197969543147208 0.014213197969543147 0.016243654822335026 0.016243654822335026 0.016243654822335026 0.017258883248730966 0.017258883248730966 0.017258883248730966 0.017258883248730966 
0.05380710659898477 0.08020304568527918 0.08527918781725888 0.08629441624365482 0.09238578680203045 0.10152284263959391 0.10558375634517767 0.1065989847715736 0.11979695431472082 0.12284263959390863 0.12284263959390863 0.1299492385786802 0.1299492385786802 0.13604060913705585 
0.003045685279187817 0.005076142131979695 0.005076142131979695 0.005076142131979695 0.005076142131979695 0.005076142131979695 0.005076142131979695 0.005076142131979695 0.005076142131979695 0.005076142131979695 0.005076142131979695 0.005076142131979695 0.005076142131979695 0.005076142131979695 
0.0 0.0 0.0 0.0 0.0 0.0 0.0 0.0 0.0 0.0 0.0 0.0 0.0 0.0 
0.0020304568527918783 0.007106598984771574 0.012182741116751269 0.012182741116751269 0.012182741116751269 0.012182741116751269 0.012182741116751269 0.012182741116751269 0.013197969543147208 0.013197969543147208 0.013197969543147208 0.013197969543147208 0.013197969543147208 0.013197969543147208 
0.0 0.0 0.0 0.0 0.0 0.0 0.0 0.0 0.0 0.0 0.0 0.0 0.0 0.0 
0.0010152284263959391 0.0010152284263959391 0.0010152284263959391 0.0010152284263959391 0.0010152284263959391 0.0010152284263959391 0.0010152284263959391 0.0010152284263959391 0.0010152284263959391 0.0010152284263959391 0.0010152284263959391 0.0010152284263959391 0.0010152284263959391 0.0010152284263959391 
0.0 0.0 0.0 0.0 0.0 0.0 0.0010152284263959391 0.0010152284263959391 0.0010152284263959391 0.0010152284263959391 0.0010152284263959391 0.0010152284263959391 0.0010152284263959391 0.0010152284263959391 
0.0010152284263959391 0.0010152284263959391 0.0010152284263959391 0.0010152284263959391 0.0010152284263959391 0.0010152284263959391 0.0010152284263959391 0.0010152284263959391 0.0010152284263959391 0.0010152284263959391 0.0010152284263959391 0.0010152284263959391 0.0010152284263959391 0.0010152284263959391 
0.0 0.0 0.0 0.0 0.0010152284263959391 0.0010152284263959391 0.0010152284263959391 0.0010152284263959391 0.0010152284263959391 0.0010152284263959391 0.0010152284263959391 0.0010152284263959391 0.0010152284263959391 0.0010152284263959391 
0.0 0.0 0.0 0.0 0.0 0.0 0.0 0.0 0.0 0.0 0.0 0.0 0.0 0.0 
0.0020304568527918783 0.005076142131979695 0.005076142131979695 0.005076142131979695 0.006091370558375634 0.006091370558375634 0.006091370558375634 0.007106598984771574 0.007106598984771574 0.007106598984771574 0.008121827411167513 0.009137055837563452 0.009137055837563452 0.009137055837563452 
0.0010152284263959391 0.0010152284263959391 0.0010152284263959391 0.0010152284263959391 0.0010152284263959391 0.0010152284263959391 0.0010152284263959391 0.0010152284263959391 0.0010152284263959391 0.0010152284263959391 0.0010152284263959391 0.0010152284263959391 0.0010152284263959391 0.0010152284263959391 
0.0010152284263959391 0.003045685279187817 0.003045685279187817 0.0040609137055837565 0.0040609137055837565 0.0040609137055837565 0.0040609137055837565 0.005076142131979695 0.005076142131979695 0.005076142131979695 0.005076142131979695 0.005076142131979695 0.005076142131979695 0.006091370558375634 
0.0010152284263959391 0.0010152284263959391 0.0020304568527918783 0.0020304568527918783 0.0020304568527918783 0.0020304568527918783 0.0020304568527918783 0.0020304568527918783 0.0020304568527918783 0.0020304568527918783 0.0020304568527918783 0.0020304568527918783 0.0020304568527918783 0.0020304568527918783 
0.0 0.0 0.0 0.0 0.0 0.0 0.0 0.0 0.0 0.0 0.0 0.0 0.0 0.0 
0.003045685279187817 0.0040609137055837565 0.0040609137055837565 0.0040609137055837565 0.0040609137055837565 0.0040609137055837565 0.0040609137055837565 0.0040609137055837565 0.0040609137055837565 0.0040609137055837565 0.0040609137055837565 0.0040609137055837565 0.0040609137055837565 0.0040609137055837565 
0.003045685279187817 0.0040609137055837565 0.0040609137055837565 0.006091370558375634 0.006091370558375634 0.006091370558375634 0.007106598984771574 0.007106598984771574 0.007106598984771574 0.007106598984771574 0.009137055837563452 0.009137055837563452 0.009137055837563452 0.013197969543147208 
0.06091370558375635 0.09949238578680203 0.11878172588832488 0.12081218274111676 0.1218274111675127 0.13807106598984772 0.15126903553299492 0.15126903553299492 0.15431472081218275 0.16040609137055836 0.16548223350253807 0.17258883248730963 0.17258883248730963 0.17258883248730963 
0.05380710659898477 0.08527918781725888 0.09543147208121827 0.1065989847715736 0.1065989847715736 0.1065989847715736 0.1065989847715736 0.1065989847715736 0.10761421319796954 0.11065989847715736 0.11065989847715736 0.11370558375634518 0.11776649746192894 0.12385786802030457 
0.006091370558375634 0.008121827411167513 0.008121827411167513 0.008121827411167513 0.008121827411167513 0.008121827411167513 0.008121827411167513 0.008121827411167513 0.008121827411167513 0.008121827411167513 0.008121827411167513 0.008121827411167513 0.009137055837563452 0.009137055837563452 
0.0 0.0 0.0 0.0 0.0 0.0 0.0 0.0 0.0 0.0 0.0 0.0 0.0 0.0 
0.007106598984771574 0.013197969543147208 0.02030456852791878 0.02030456852791878 0.02030456852791878 0.02030456852791878 0.02030456852791878 0.02030456852791878 0.02030456852791878 0.027411167512690356 0.027411167512690356 0.027411167512690356 0.027411167512690356 0.027411167512690356 
0.0010152284263959391 0.0040609137055837565 0.0040609137055837565 0.0040609137055837565 0.0040609137055837565 0.0040609137055837565 0.0040609137055837565 0.005076142131979695 0.005076142131979695 0.005076142131979695 0.005076142131979695 0.005076142131979695 0.005076142131979695 0.005076142131979695 
0.008121827411167513 0.01015228426395939 0.01116751269035533 0.01116751269035533 0.01116751269035533 0.012182741116751269 0.012182741116751269 0.012182741116751269 0.013197969543147208 0.014213197969543147 0.014213197969543147 0.018274111675126905 0.018274111675126905 0.018274111675126905 
0.008121827411167513 0.01015228426395939 0.012182741116751269 0.012182741116751269 0.012182741116751269 0.012182741116751269 0.012182741116751269 0.012182741116751269 0.012182741116751269 0.012182741116751269 0.012182741116751269 0.012182741116751269 0.012182741116751269 0.012182741116751269 
0.0020304568527918783 0.005076142131979695 0.009137055837563452 0.009137055837563452 0.009137055837563452 0.009137055837563452 0.009137055837563452 0.009137055837563452 0.012182741116751269 0.012182741116751269 0.012182741116751269 0.012182741116751269 0.012182741116751269 0.012182741116751269 
0.06598984771573604 0.0751269035532995 0.07817258883248732 0.07817258883248732 0.10456852791878173 0.11065989847715736 0.12487309644670051 0.132994923857868 0.13604060913705585 0.1401015228426396 0.14822335025380712 0.14822335025380712 0.14822335025380712 0.16446700507614212 
0.003045685279187817 0.003045685279187817 0.003045685279187817 0.003045685279187817 0.003045685279187817 0.003045685279187817 0.003045685279187817 0.003045685279187817 0.003045685279187817 0.003045685279187817 0.003045685279187817 0.003045685279187817 0.003045685279187817 0.005076142131979695 
0.05685279187817259 0.07614213197969544 0.10558375634517767 0.10862944162436548 0.11776649746192894 0.11776649746192894 0.12081218274111676 0.12791878172588833 0.14213197969543148 0.14822335025380712 0.15228426395939088 0.15228426395939088 0.15532994923857868 0.15939086294416244 
0.0 0.0 0.0 0.0 0.0 0.0 0.0 0.0 0.0 0.0 0.0 0.0 0.0 0.0 
0.05583756345177665 0.11979695431472082 0.11979695431472082 0.12690355329949238 0.12893401015228426 0.12893401015228426 0.12893401015228426 0.132994923857868 0.132994923857868 0.132994923857868 0.13705583756345177 0.13908629441624365 0.14416243654822336 0.14416243654822336 
0.0 0.0 0.0 0.0 0.0 0.0 0.0 0.0 0.0 0.0010152284263959391 0.0010152284263959391 0.0010152284263959391 0.0010152284263959391 0.0010152284263959391 
0.05583756345177665 0.06395939086294417 0.10355329949238579 0.10456852791878173 0.10761421319796954 0.1116751269035533 0.12791878172588833 0.13096446700507614 0.13096446700507614 0.1319796954314721 0.132994923857868 0.132994923857868 0.132994923857868 0.15532994923857868 
0.003045685279187817 0.0040609137055837565 0.006091370558375634 0.006091370558375634 0.006091370558375634 0.006091370558375634 0.006091370558375634 0.006091370558375634 0.008121827411167513 0.009137055837563452 0.009137055837563452 0.009137055837563452 0.01015228426395939 0.01015228426395939 
0.0020304568527918783 0.007106598984771574 0.007106598984771574 0.009137055837563452 0.009137055837563452 0.009137055837563452 0.009137055837563452 0.009137055837563452 0.009137055837563452 0.013197969543147208 0.013197969543147208 0.013197969543147208 0.013197969543147208 0.013197969543147208 
0.0 0.0010152284263959391 0.0010152284263959391 0.0010152284263959391 0.0010152284263959391 0.0010152284263959391 0.0010152284263959391 0.0010152284263959391 0.0010152284263959391 0.0010152284263959391 0.0010152284263959391 0.0010152284263959391 0.0010152284263959391 0.0010152284263959391 
0.0 0.0 0.0 0.0 0.0 0.0 0.0 0.0 0.0 0.0 0.0 0.0 0.0 0.0 
0.0010152284263959391 0.0010152284263959391 0.0010152284263959391 0.0010152284263959391 0.0010152284263959391 0.0010152284263959391 0.0010152284263959391 0.0010152284263959391 0.0020304568527918783 0.0020304568527918783 0.0020304568527918783 0.0020304568527918783 0.0020304568527918783 0.0020304568527918783 
0.0 0.0 0.0 0.0 0.0 0.0 0.0 0.0 0.0 0.0 0.0 0.0 0.0 0.0 
0.05482233502538071 0.06598984771573604 0.09949238578680203 0.15532994923857868 0.15939086294416244 0.1634517766497462 0.16548223350253807 0.17258883248730963 0.17969543147208122 0.18578680203045686 0.18578680203045686 0.18680203045685279 0.18984771573604062 0.19086294416243654 
0.0020304568527918783 0.0020304568527918783 0.006091370558375634 0.006091370558375634 0.006091370558375634 0.006091370558375634 0.006091370558375634 0.006091370558375634 0.007106598984771574 0.008121827411167513 0.008121827411167513 0.008121827411167513 0.008121827411167513 0.008121827411167513 
0.006091370558375634 0.01015228426395939 0.013197969543147208 0.015228426395939087 0.015228426395939087 0.016243654822335026 0.017258883248730966 0.017258883248730966 0.017258883248730966 0.017258883248730966 0.023350253807106598 0.023350253807106598 0.023350253807106598 0.023350253807106598 
0.0010152284263959391 0.0010152284263959391 0.0010152284263959391 0.0010152284263959391 0.0010152284263959391 0.0010152284263959391 0.0010152284263959391 0.0010152284263959391 0.0010152284263959391 0.0010152284263959391 0.0010152284263959391 0.0010152284263959391 0.0010152284263959391 0.0010152284263959391 
0.0010152284263959391 0.0010152284263959391 0.0010152284263959391 0.0010152284263959391 0.0010152284263959391 0.0010152284263959391 0.0010152284263959391 0.0010152284263959391 0.0010152284263959391 0.0010152284263959391 0.0010152284263959391 0.0010152284263959391 0.0010152284263959391 0.0010152284263959391 
0.0 0.005076142131979695 0.006091370558375634 0.006091370558375634 0.006091370558375634 0.006091370558375634 0.007106598984771574 0.007106598984771574 0.007106598984771574 0.008121827411167513 0.008121827411167513 0.008121827411167513 0.009137055837563452 0.009137055837563452 
0.0 0.0 0.0 0.0010152284263959391 0.0010152284263959391 0.0010152284263959391 0.0010152284263959391 0.0010152284263959391 0.0020304568527918783 0.0020304568527918783 0.0020304568527918783 0.0020304568527918783 0.0020304568527918783 0.0020304568527918783 
0.06700507614213198 0.09238578680203045 0.1116751269035533 0.11979695431472082 0.11979695431472082 0.12081218274111676 0.1299492385786802 0.13401015228426397 0.13604060913705585 0.13908629441624365 0.1401015228426396 0.14416243654822336 0.14720812182741116 0.14720812182741116 
0.006091370558375634 0.006091370558375634 0.006091370558375634 0.008121827411167513 0.008121827411167513 0.008121827411167513 0.008121827411167513 0.008121827411167513 0.008121827411167513 0.008121827411167513 0.008121827411167513 0.009137055837563452 0.009137055837563452 0.009137055837563452 
0.0010152284263959391 0.0020304568527918783 0.0040609137055837565 0.0040609137055837565 0.005076142131979695 0.005076142131979695 0.005076142131979695 0.005076142131979695 0.005076142131979695 0.005076142131979695 0.006091370558375634 0.006091370558375634 0.006091370558375634 0.006091370558375634 
0.003045685279187817 0.005076142131979695 0.008121827411167513 0.008121827411167513 0.008121827411167513 0.008121827411167513 0.008121827411167513 0.008121827411167513 0.008121827411167513 0.009137055837563452 0.009137055837563452 0.009137055837563452 0.009137055837563452 0.01015228426395939 
0.0020304568527918783 0.0020304568527918783 0.0020304568527918783 0.0020304568527918783 0.0020304568527918783 0.0020304568527918783 0.0020304568527918783 0.0020304568527918783 0.0020304568527918783 0.0020304568527918783 0.0020304568527918783 0.0020304568527918783 0.0020304568527918783 0.0020304568527918783 
0.018274111675126905 0.027411167512690356 0.028426395939086295 0.029441624365482234 0.04467005076142132 0.046700507614213196 0.06294416243654823 0.06903553299492386 0.0700507614213198 0.07106598984771574 0.07106598984771574 0.07208121827411168 0.07208121827411168 0.07208121827411168 
0.06903553299492386 0.07817258883248732 0.08223350253807106 0.09644670050761421 0.10456852791878173 0.1299492385786802 0.14619289340101524 0.1634517766497462 0.1715736040609137 0.1736040609137056 0.1746192893401015 0.17563451776649747 0.17969543147208122 0.17969543147208122 
0.0020304568527918783 0.008121827411167513 0.01116751269035533 0.018274111675126905 0.018274111675126905 0.02030456852791878 0.027411167512690356 0.027411167512690356 0.027411167512690356 0.027411167512690356 0.027411167512690356 0.028426395939086295 0.028426395939086295 0.028426395939086295 
0.0 0.0 0.0 0.0 0.0 0.0 0.0 0.0 0.0 0.0 0.0 0.0 0.0 0.0 
0.0 0.0 0.0010152284263959391 0.0010152284263959391 0.0010152284263959391 0.0010152284263959391 0.0010152284263959391 0.0010152284263959391 0.0010152284263959391 0.0010152284263959391 0.0010152284263959391 0.0010152284263959391 0.0010152284263959391 0.0010152284263959391 
0.0020304568527918783 0.005076142131979695 0.005076142131979695 0.008121827411167513 0.013197969543147208 0.013197969543147208 0.013197969543147208 0.013197969543147208 0.017258883248730966 0.017258883248730966 0.017258883248730966 0.018274111675126905 0.018274111675126905 0.019289340101522844 
0.0010152284263959391 0.0010152284263959391 0.0010152284263959391 0.0010152284263959391 0.0010152284263959391 0.0010152284263959391 0.0010152284263959391 0.0010152284263959391 0.0010152284263959391 0.0010152284263959391 0.0010152284263959391 0.0010152284263959391 0.0010152284263959391 0.0010152284263959391 
0.003045685279187817 0.014213197969543147 0.02030456852791878 0.02030456852791878 0.02030456852791878 0.02030456852791878 0.02030456852791878 0.02233502538071066 0.023350253807106598 0.023350253807106598 0.023350253807106598 0.024365482233502538 0.025380710659898477 0.028426395939086295 
0.0 0.0 0.0 0.0 0.0 0.0 0.0 0.0 0.0 0.0 0.0 0.0 0.0 0.0 
0.06091370558375635 0.12081218274111676 0.1218274111675127 0.1299492385786802 0.1319796954314721 0.1319796954314721 0.1319796954314721 0.1319796954314721 0.1319796954314721 0.1319796954314721 0.132994923857868 0.13705583756345177 0.13705583756345177 0.13705583756345177 
0.0 0.0 0.0 0.0 0.0 0.0 0.0 0.0 0.0 0.0 0.0 0.0 0.0 0.0 
0.0 0.0 0.0 0.0 0.0 0.0 0.0 0.0 0.0 0.0 0.0 0.0 0.0 0.0 
0.0 0.0 0.0 0.0 0.0 0.0 0.0 0.0 0.0 0.0 0.0 0.0 0.0 0.0 
0.0 0.0 0.0010152284263959391 0.0020304568527918783 0.0020304568527918783 0.0020304568527918783 0.0020304568527918783 0.0020304568527918783 0.0020304568527918783 0.0020304568527918783 0.0020304568527918783 0.0020304568527918783 0.0020304568527918783 0.0020304568527918783 
0.05685279187817259 0.07106598984771574 0.07411167512690356 0.0751269035532995 0.0751269035532995 0.08020304568527918 0.08020304568527918 0.08223350253807106 0.09238578680203045 0.09340101522842639 0.10355329949238579 0.10558375634517767 0.10761421319796954 0.10761421319796954 
0.0010152284263959391 0.003045685279187817 0.007106598984771574 0.007106598984771574 0.007106598984771574 0.008121827411167513 0.008121827411167513 0.008121827411167513 0.008121827411167513 0.008121827411167513 0.008121827411167513 0.008121827411167513 0.008121827411167513 0.008121827411167513 
0.0010152284263959391 0.0010152284263959391 0.0010152284263959391 0.0020304568527918783 0.0020304568527918783 0.0020304568527918783 0.0020304568527918783 0.0020304568527918783 0.0020304568527918783 0.0020304568527918783 0.0020304568527918783 0.003045685279187817 0.003045685279187817 0.003045685279187817 
0.0 0.0010152284263959391 0.0010152284263959391 0.0010152284263959391 0.0010152284263959391 0.0010152284263959391 0.0010152284263959391 0.0010152284263959391 0.0010152284263959391 0.0010152284263959391 0.0010152284263959391 0.0010152284263959391 0.0010152284263959391 0.0010152284263959391 
0.0010152284263959391 0.0040609137055837565 0.008121827411167513 0.01116751269035533 0.01116751269035533 0.01116751269035533 0.01116751269035533 0.01116751269035533 0.01116751269035533 0.01116751269035533 0.01116751269035533 0.01116751269035533 0.01116751269035533 0.01116751269035533 
0.007106598984771574 0.009137055837563452 0.009137055837563452 0.01116751269035533 0.016243654822335026 0.017258883248730966 0.017258883248730966 0.017258883248730966 0.019289340101522844 0.019289340101522844 0.019289340101522844 0.019289340101522844 0.019289340101522844 0.019289340101522844 
0.0 0.0 0.0 0.0 0.0 0.0 0.0 0.0 0.0 0.0 0.0 0.0 0.0 0.0 
0.0 0.0 0.0 0.0 0.0 0.0020304568527918783 0.0020304568527918783 0.0020304568527918783 0.0020304568527918783 0.0020304568527918783 0.0020304568527918783 0.0020304568527918783 0.0020304568527918783 0.0020304568527918783 
0.0 0.0 0.0 0.0 0.0 0.0 0.0 0.0 0.0 0.0 0.0 0.0010152284263959391 0.0010152284263959391 0.0010152284263959391 
0.04568527918781726 0.07817258883248732 0.0883248730964467 0.1350253807106599 0.1350253807106599 0.16243654822335024 0.16751269035532995 0.16751269035532995 0.1746192893401015 0.19390862944162437 0.2020304568527919 0.2050761421319797 0.21218274111675126 0.21218274111675126 
0.0 0.0 0.0 0.0 0.0 0.0 0.0 0.0 0.0 0.0 0.0 0.0 0.0 0.0 
0.05380710659898477 0.11878172588832488 0.1218274111675127 0.12893401015228426 0.12893401015228426 0.12893401015228426 0.14923857868020304 0.15431472081218275 0.16040609137055836 0.166497461928934 0.16751269035532995 0.16751269035532995 0.16751269035532995 0.16751269035532995 
0.007106598984771574 0.017258883248730966 0.02030456852791878 0.02131979695431472 0.02233502538071066 0.024365482233502538 0.024365482233502538 0.026395939086294416 0.026395939086294416 0.026395939086294416 0.026395939086294416 0.026395939086294416 0.026395939086294416 0.026395939086294416 
0.0 0.0 0.0 0.0 0.0 0.0 0.0 0.0 0.0 0.0 0.0 0.0 0.0 0.0 
0.05482233502538071 0.11472081218274112 0.11472081218274112 0.11472081218274112 0.11472081218274112 0.11472081218274112 0.11878172588832488 0.11878172588832488 0.1218274111675127 0.12791878172588833 0.1319796954314721 0.14111675126903553 0.14111675126903553 0.14111675126903553 
0.003045685279187817 0.006091370558375634 0.006091370558375634 0.006091370558375634 0.006091370558375634 0.006091370558375634 0.018274111675126905 0.02131979695431472 0.024365482233502538 0.024365482233502538 0.028426395939086295 0.028426395939086295 0.029441624365482234 0.03147208121827411 
0.01116751269035533 0.030456852791878174 0.03857868020304569 0.03857868020304569 0.04263959390862944 0.04365482233502538 0.046700507614213196 0.046700507614213196 0.046700507614213196 0.046700507614213196 0.046700507614213196 0.046700507614213196 0.046700507614213196 0.046700507614213196 
0.0020304568527918783 0.0020304568527918783 0.0020304568527918783 0.0020304568527918783 0.0020304568527918783 0.0020304568527918783 0.0020304568527918783 0.0020304568527918783 0.0020304568527918783 0.0020304568527918783 0.0020304568527918783 0.0020304568527918783 0.0020304568527918783 0.0020304568527918783 
0.003045685279187817 0.003045685279187817 0.003045685279187817 0.003045685279187817 0.003045685279187817 0.003045685279187817 0.0040609137055837565 0.006091370558375634 0.006091370558375634 0.006091370558375634 0.006091370558375634 0.006091370558375634 0.007106598984771574 0.007106598984771574 
0.006091370558375634 0.016243654822335026 0.017258883248730966 0.019289340101522844 0.02131979695431472 0.026395939086294416 0.026395939086294416 0.027411167512690356 0.027411167512690356 0.027411167512690356 0.028426395939086295 0.028426395939086295 0.028426395939086295 0.028426395939086295 
0.0 0.0 0.0 0.0 0.0 0.0 0.0 0.0 0.0 0.0 0.0 0.0 0.0 0.0 
0.0 0.0 0.0 0.0 0.0 0.0 0.0 0.0 0.0 0.0 0.0 0.0 0.0 0.0 
0.0020304568527918783 0.005076142131979695 0.006091370558375634 0.006091370558375634 0.006091370558375634 0.006091370558375634 0.006091370558375634 0.006091370558375634 0.006091370558375634 0.006091370558375634 0.008121827411167513 0.008121827411167513 0.008121827411167513 0.008121827411167513 
0.0 0.0 0.0 0.0 0.0 0.0 0.0 0.0 0.0 0.0 0.0 0.0 0.0 0.0 
0.0 0.0 0.0 0.0010152284263959391 0.0010152284263959391 0.0010152284263959391 0.0010152284263959391 0.0010152284263959391 0.0010152284263959391 0.0010152284263959391 0.0010152284263959391 0.0010152284263959391 0.0010152284263959391 0.0010152284263959391 
0.0040609137055837565 0.01116751269035533 0.01116751269035533 0.01116751269035533 0.01116751269035533 0.012182741116751269 0.012182741116751269 0.012182741116751269 0.012182741116751269 0.012182741116751269 0.012182741116751269 0.012182741116751269 0.012182741116751269 0.012182741116751269 
0.0020304568527918783 0.0040609137055837565 0.008121827411167513 0.009137055837563452 0.009137055837563452 0.01015228426395939 0.016243654822335026 0.019289340101522844 0.019289340101522844 0.019289340101522844 0.02233502538071066 0.02233502538071066 0.02233502538071066 0.02233502538071066 
0.06091370558375635 0.09847715736040609 0.11979695431472082 0.15228426395939088 0.15532994923857868 0.15532994923857868 0.15532994923857868 0.15736040609137056 0.1634517766497462 0.16852791878172588 0.16852791878172588 0.16852791878172588 0.1715736040609137 0.1736040609137056 
0.0 0.0 0.0 0.0 0.0 0.0 0.0 0.0 0.0 0.0 0.0 0.0 0.0 0.0 
0.005076142131979695 0.008121827411167513 0.017258883248730966 0.024365482233502538 0.030456852791878174 0.030456852791878174 0.030456852791878174 0.03147208121827411 0.03248730964467005 0.03248730964467005 0.03248730964467005 0.03248730964467005 0.03248730964467005 0.03248730964467005 
0.0 0.0 0.0 0.0 0.0 0.0 0.0 0.0 0.0 0.0 0.0 0.0 0.0 0.0 
0.06091370558375635 0.09746192893401015 0.116751269035533 0.14213197969543148 0.14213197969543148 0.15837563451776648 0.16446700507614212 0.166497461928934 0.17969543147208122 0.17969543147208122 0.17969543147208122 0.17969543147208122 0.17969543147208122 0.18578680203045686 
0.0040609137055837565 0.015228426395939087 0.016243654822335026 0.016243654822335026 0.017258883248730966 0.02030456852791878 0.02030456852791878 0.02030456852791878 0.02030456852791878 0.02030456852791878 0.02030456852791878 0.02030456852791878 0.02131979695431472 0.02131979695431472 
0.0 0.0010152284263959391 0.0020304568527918783 0.005076142131979695 0.006091370558375634 0.006091370558375634 0.006091370558375634 0.006091370558375634 0.006091370558375634 0.006091370558375634 0.006091370558375634 0.006091370558375634 0.006091370558375634 0.006091370558375634 
0.0 0.0 0.0 0.0 0.0 0.0 0.0 0.0 0.0 0.0 0.0 0.0 0.0 0.0 
0.006091370558375634 0.017258883248730966 0.017258883248730966 0.017258883248730966 0.017258883248730966 0.017258883248730966 0.017258883248730966 0.017258883248730966 0.017258883248730966 0.017258883248730966 0.018274111675126905 0.018274111675126905 0.018274111675126905 0.019289340101522844 
0.0020304568527918783 0.007106598984771574 0.008121827411167513 0.008121827411167513 0.009137055837563452 0.012182741116751269 0.015228426395939087 0.015228426395939087 0.016243654822335026 0.016243654822335026 0.016243654822335026 0.016243654822335026 0.018274111675126905 0.018274111675126905 
0.0010152284263959391 0.0010152284263959391 0.0010152284263959391 0.0010152284263959391 0.0010152284263959391 0.0010152284263959391 0.0010152284263959391 0.0010152284263959391 0.0010152284263959391 0.0010152284263959391 0.0010152284263959391 0.0010152284263959391 0.0010152284263959391 0.0010152284263959391 
0.0 0.0 0.0010152284263959391 0.0010152284263959391 0.0010152284263959391 0.0010152284263959391 0.0010152284263959391 0.0010152284263959391 0.0010152284263959391 0.0010152284263959391 0.0010152284263959391 0.0010152284263959391 0.0010152284263959391 0.0010152284263959391 
0.0010152284263959391 0.0010152284263959391 0.0010152284263959391 0.0010152284263959391 0.0010152284263959391 0.0010152284263959391 0.0010152284263959391 0.0010152284263959391 0.0010152284263959391 0.0010152284263959391 0.0010152284263959391 0.0010152284263959391 0.0010152284263959391 0.0010152284263959391 
0.05482233502538071 0.11472081218274112 0.11472081218274112 0.11472081218274112 0.11776649746192894 0.12081218274111676 0.12081218274111676 0.15837563451776648 0.15939086294416244 0.15939086294416244 0.16040609137055836 0.16040609137055836 0.16040609137055836 0.16040609137055836 
0.0020304568527918783 0.005076142131979695 0.005076142131979695 0.005076142131979695 0.006091370558375634 0.008121827411167513 0.009137055837563452 0.013197969543147208 0.014213197969543147 0.014213197969543147 0.015228426395939087 0.015228426395939087 0.015228426395939087 0.015228426395939087 
0.003045685279187817 0.009137055837563452 0.016243654822335026 0.018274111675126905 0.023350253807106598 0.025380710659898477 0.027411167512690356 0.027411167512690356 0.027411167512690356 0.027411167512690356 0.028426395939086295 0.030456852791878174 0.030456852791878174 0.030456852791878174 
0.0020304568527918783 0.005076142131979695 0.007106598984771574 0.007106598984771574 0.008121827411167513 0.008121827411167513 0.008121827411167513 0.009137055837563452 0.009137055837563452 0.01015228426395939 0.01015228426395939 0.01116751269035533 0.01116751269035533 0.01116751269035533 
0.003045685279187817 0.005076142131979695 0.014213197969543147 0.016243654822335026 0.017258883248730966 0.017258883248730966 0.02131979695431472 0.02233502538071066 0.028426395939086295 0.028426395939086295 0.028426395939086295 0.03654822335025381 0.03654822335025381 0.03654822335025381 
0.003045685279187817 0.01116751269035533 0.02030456852791878 0.02131979695431472 0.02131979695431472 0.02131979695431472 0.025380710659898477 0.03553299492385787 0.03654822335025381 0.03654822335025381 0.03654822335025381 0.03654822335025381 0.03756345177664975 0.03756345177664975 
0.003045685279187817 0.003045685279187817 0.003045685279187817 0.003045685279187817 0.003045685279187817 0.005076142131979695 0.006091370558375634 0.006091370558375634 0.006091370558375634 0.007106598984771574 0.008121827411167513 0.01015228426395939 0.012182741116751269 0.012182741116751269 
0.06700507614213198 0.08020304568527918 0.10152284263959391 0.11472081218274112 0.12487309644670051 0.14720812182741116 0.14923857868020304 0.1715736040609137 0.18883248730964466 0.18883248730964466 0.19086294416243654 0.1918781725888325 0.1918781725888325 0.1918781725888325 
0.06091370558375635 0.12081218274111676 0.12081218274111676 0.12690355329949238 0.12690355329949238 0.12690355329949238 0.12791878172588833 0.1319796954314721 0.13604060913705585 0.13604060913705585 0.13604060913705585 0.1431472081218274 0.14720812182741116 0.14720812182741116 
0.0 0.0 0.0010152284263959391 0.0010152284263959391 0.0010152284263959391 0.0010152284263959391 0.0010152284263959391 0.0010152284263959391 0.0010152284263959391 0.0010152284263959391 0.0010152284263959391 0.0010152284263959391 0.0010152284263959391 0.0020304568527918783 
0.003045685279187817 0.005076142131979695 0.009137055837563452 0.01015228426395939 0.012182741116751269 0.015228426395939087 0.016243654822335026 0.016243654822335026 0.018274111675126905 0.018274111675126905 0.018274111675126905 0.018274111675126905 0.018274111675126905 0.018274111675126905 
0.0010152284263959391 0.0010152284263959391 0.0010152284263959391 0.0010152284263959391 0.0010152284263959391 0.0010152284263959391 0.0010152284263959391 0.0010152284263959391 0.0010152284263959391 0.0010152284263959391 0.0010152284263959391 0.0010152284263959391 0.0010152284263959391 0.0010152284263959391 
0.0 0.0010152284263959391 0.0020304568527918783 0.0020304568527918783 0.0020304568527918783 0.003045685279187817 0.003045685279187817 0.003045685279187817 0.0040609137055837565 0.005076142131979695 0.005076142131979695 0.005076142131979695 0.006091370558375634 0.006091370558375634 
0.0 0.0 0.0 0.0 0.0 0.0 0.0 0.0 0.0010152284263959391 0.0010152284263959391 0.0010152284263959391 0.0010152284263959391 0.0010152284263959391 0.0010152284263959391 
0.0020304568527918783 0.0020304568527918783 0.0020304568527918783 0.0020304568527918783 0.0020304568527918783 0.0020304568527918783 0.0020304568527918783 0.0020304568527918783 0.0020304568527918783 0.0020304568527918783 0.0020304568527918783 0.0020304568527918783 0.0020304568527918783 0.0020304568527918783 
0.0010152284263959391 0.0040609137055837565 0.008121827411167513 0.008121827411167513 0.01015228426395939 0.018274111675126905 0.018274111675126905 0.018274111675126905 0.019289340101522844 0.019289340101522844 0.019289340101522844 0.019289340101522844 0.019289340101522844 0.019289340101522844 
0.0020304568527918783 0.005076142131979695 0.007106598984771574 0.008121827411167513 0.015228426395939087 0.015228426395939087 0.018274111675126905 0.019289340101522844 0.019289340101522844 0.02030456852791878 0.023350253807106598 0.023350253807106598 0.025380710659898477 0.025380710659898477 
0.003045685279187817 0.005076142131979695 0.009137055837563452 0.012182741116751269 0.013197969543147208 0.018274111675126905 0.018274111675126905 0.018274111675126905 0.018274111675126905 0.019289340101522844 0.026395939086294416 0.026395939086294416 0.026395939086294416 0.026395939086294416 
0.023350253807106598 0.049746192893401014 0.07614213197969544 0.11878172588832488 0.1299492385786802 0.14111675126903553 0.1431472081218274 0.14416243654822336 0.14416243654822336 0.14720812182741116 0.14923857868020304 0.15126903553299492 0.15126903553299492 0.15126903553299492 
0.0 0.0 0.0 0.0 0.0 0.0 0.0 0.0 0.0 0.0 0.0 0.0 0.0 0.0 
0.05583756345177665 0.06192893401015229 0.06700507614213198 0.08020304568527918 0.08426395939086294 0.0883248730964467 0.09035532994923857 0.09543147208121827 0.10862944162436548 0.11269035532994924 0.11776649746192894 0.12284263959390863 0.1634517766497462 0.17969543147208122 
0.06091370558375635 0.12081218274111676 0.15837563451776648 0.15837563451776648 0.15837563451776648 0.15837563451776648 0.15837563451776648 0.15837563451776648 0.15837563451776648 0.16040609137055836 0.16142131979695432 0.16142131979695432 0.1634517766497462 0.166497461928934 
0.0010152284263959391 0.0010152284263959391 0.0010152284263959391 0.0010152284263959391 0.0010152284263959391 0.0010152284263959391 0.0010152284263959391 0.0010152284263959391 0.0010152284263959391 0.0010152284263959391 0.0010152284263959391 0.0010152284263959391 0.0010152284263959391 0.0010152284263959391 
0.0 0.0 0.0 0.0 0.0 0.0010152284263959391 0.0010152284263959391 0.0010152284263959391 0.0010152284263959391 0.0010152284263959391 0.0010152284263959391 0.0010152284263959391 0.0010152284263959391 0.0010152284263959391 
0.003045685279187817 0.005076142131979695 0.005076142131979695 0.009137055837563452 0.009137055837563452 0.01116751269035533 0.015228426395939087 0.016243654822335026 0.019289340101522844 0.02131979695431472 0.02131979695431472 0.02233502538071066 0.02233502538071066 0.023350253807106598 
0.0040609137055837565 0.009137055837563452 0.01015228426395939 0.01116751269035533 0.013197969543147208 0.013197969543147208 0.013197969543147208 0.013197969543147208 0.013197969543147208 0.013197969543147208 0.013197969543147208 0.013197969543147208 0.013197969543147208 0.013197969543147208 
0.0 0.0 0.0 0.0 0.0 0.0 0.0 0.0 0.0 0.0 0.0 0.0 0.0 0.0 
0.0 0.0 0.0040609137055837565 0.0040609137055837565 0.0040609137055837565 0.0040609137055837565 0.0040609137055837565 0.0040609137055837565 0.0040609137055837565 0.0040609137055837565 0.0040609137055837565 0.0040609137055837565 0.005076142131979695 0.005076142131979695 
0.0 0.0 0.0 0.0 0.0 0.0 0.0 0.0 0.0 0.0 0.0 0.0 0.0 0.0 
0.0010152284263959391 0.0010152284263959391 0.0010152284263959391 0.0010152284263959391 0.0010152284263959391 0.0010152284263959391 0.0010152284263959391 0.0010152284263959391 0.0010152284263959391 0.0010152284263959391 0.0010152284263959391 0.0010152284263959391 0.0010152284263959391 0.0010152284263959391 
0.0010152284263959391 0.0010152284263959391 0.0010152284263959391 0.0010152284263959391 0.0010152284263959391 0.0010152284263959391 0.0010152284263959391 0.0010152284263959391 0.0010152284263959391 0.0010152284263959391 0.0010152284263959391 0.0010152284263959391 0.0010152284263959391 0.0010152284263959391 
0.0 0.0 0.0 0.0 0.0 0.0 0.0 0.0 0.0 0.0 0.0 0.0 0.0 0.0 
0.0010152284263959391 0.0010152284263959391 0.0010152284263959391 0.0010152284263959391 0.0010152284263959391 0.0010152284263959391 0.0010152284263959391 0.0010152284263959391 0.0010152284263959391 0.0010152284263959391 0.0010152284263959391 0.0010152284263959391 0.0010152284263959391 0.0010152284263959391 
0.0 0.0 0.0 0.0 0.0 0.0 0.0 0.0 0.0 0.0 0.0 0.0 0.0 0.0 
0.003045685279187817 0.006091370558375634 0.006091370558375634 0.006091370558375634 0.006091370558375634 0.006091370558375634 0.007106598984771574 0.008121827411167513 0.009137055837563452 0.009137055837563452 0.009137055837563452 0.009137055837563452 0.009137055837563452 0.009137055837563452 
0.007106598984771574 0.03350253807106599 0.03857868020304569 0.04263959390862944 0.07411167512690356 0.08934010152284264 0.08934010152284264 0.09746192893401015 0.09746192893401015 0.09847715736040609 0.10253807106598985 0.10253807106598985 0.10558375634517767 0.10964467005076142 
0.05482233502538071 0.0649746192893401 0.12690355329949238 0.13908629441624365 0.166497461928934 0.166497461928934 0.18578680203045686 0.18883248730964466 0.18883248730964466 0.18883248730964466 0.18883248730964466 0.19390862944162437 0.20609137055837565 0.20609137055837565 
0.0040609137055837565 0.006091370558375634 0.009137055837563452 0.012182741116751269 0.013197969543147208 0.013197969543147208 0.013197969543147208 0.013197969543147208 0.017258883248730966 0.018274111675126905 0.019289340101522844 0.02030456852791878 0.02030456852791878 0.02030456852791878 
0.06091370558375635 0.12081218274111676 0.13096446700507614 0.13401015228426397 0.13401015228426397 0.14416243654822336 0.150253807106599 0.15532994923857868 0.15532994923857868 0.16142131979695432 0.1634517766497462 0.1634517766497462 0.1736040609137056 0.1736040609137056 
0.0 0.0 0.0 0.0 0.0 0.0 0.0 0.0 0.0 0.0 0.0 0.0 0.0 0.0 
0.0 0.0 0.0 0.0 0.0 0.0 0.0 0.0 0.0 0.0 0.0 0.0 0.0 0.0 
0.0010152284263959391 0.0020304568527918783 0.0020304568527918783 0.0020304568527918783 0.0020304568527918783 0.0020304568527918783 0.0020304568527918783 0.0020304568527918783 0.0020304568527918783 0.0020304568527918783 0.0020304568527918783 0.0020304568527918783 0.0020304568527918783 0.0020304568527918783 
0.0 0.0 0.0 0.0 0.0 0.0 0.0 0.0 0.0 0.0 0.0010152284263959391 0.0010152284263959391 0.0010152284263959391 0.0010152284263959391 
0.0 0.0 0.0 0.0 0.0 0.0 0.0 0.0 0.0 0.0 0.0 0.0 0.0 0.0 
0.0020304568527918783 0.0020304568527918783 0.0020304568527918783 0.0020304568527918783 0.0020304568527918783 0.003045685279187817 0.0040609137055837565 0.0040609137055837565 0.0040609137055837565 0.0040609137055837565 0.0040609137055837565 0.0040609137055837565 0.0040609137055837565 0.0040609137055837565 
0.003045685279187817 0.01116751269035533 0.01116751269035533 0.01116751269035533 0.019289340101522844 0.019289340101522844 0.019289340101522844 0.024365482233502538 0.025380710659898477 0.025380710659898477 0.026395939086294416 0.026395939086294416 0.026395939086294416 0.027411167512690356 
0.05482233502538071 0.11472081218274112 0.11472081218274112 0.11472081218274112 0.11878172588832488 0.12081218274111676 0.12588832487309645 0.1319796954314721 0.1319796954314721 0.132994923857868 0.16142131979695432 0.16243654822335024 0.16243654822335024 0.16243654822335024 
0.0 0.0 0.0 0.0 0.0 0.0 0.0 0.0 0.0010152284263959391 0.0010152284263959391 0.0010152284263959391 0.0010152284263959391 0.0010152284263959391 0.0010152284263959391 
0.0020304568527918783 0.0020304568527918783 0.003045685279187817 0.0040609137055837565 0.005076142131979695 0.005076142131979695 0.005076142131979695 0.005076142131979695 0.005076142131979695 0.005076142131979695 0.005076142131979695 0.005076142131979695 0.005076142131979695 0.005076142131979695 
0.0 0.0 0.0 0.0 0.0 0.0 0.0 0.0 0.0 0.0 0.0010152284263959391 0.0010152284263959391 0.0020304568527918783 0.0020304568527918783 
0.0 0.0 0.0 0.0 0.0 0.0 0.0 0.0 0.0 0.0 0.0 0.0 0.0 0.0 
0.0020304568527918783 0.003045685279187817 0.006091370558375634 0.006091370558375634 0.006091370558375634 0.006091370558375634 0.006091370558375634 0.006091370558375634 0.006091370558375634 0.006091370558375634 0.006091370558375634 0.006091370558375634 0.006091370558375634 0.006091370558375634 
0.0010152284263959391 0.0010152284263959391 0.0010152284263959391 0.0010152284263959391 0.0010152284263959391 0.0010152284263959391 0.0010152284263959391 0.0020304568527918783 0.0020304568527918783 0.0020304568527918783 0.0020304568527918783 0.0020304568527918783 0.0020304568527918783 0.0020304568527918783 
0.0020304568527918783 0.006091370558375634 0.009137055837563452 0.009137055837563452 0.009137055837563452 0.01015228426395939 0.01015228426395939 0.01015228426395939 0.01015228426395939 0.01015228426395939 0.01015228426395939 0.01015228426395939 0.01015228426395939 0.01015228426395939 
0.0 0.0 0.0 0.0 0.0 0.0 0.0 0.0 0.0 0.0 0.0 0.0 0.0 0.0010152284263959391 
