0.0 0.0 0.0 0.0 0.0 0.0 0.0 0.0 0.0 0.0 0.0 0.0 0.0 0.0 
0.018469656992084433 0.026385224274406333 0.026385224274406333 0.027704485488126648 0.027704485488126648 0.027704485488126648 0.027704485488126648 0.027704485488126648 0.027704485488126648 0.027704485488126648 0.027704485488126648 0.027704485488126648 0.027704485488126648 0.027704485488126648 
0.002638522427440633 0.002638522427440633 0.005277044854881266 0.006596306068601583 0.006596306068601583 0.006596306068601583 0.0079155672823219 0.0079155672823219 0.0079155672823219 0.0079155672823219 0.0079155672823219 0.0079155672823219 0.0079155672823219 0.0079155672823219 
0.051451187335092345 0.07387862796833773 0.07387862796833773 0.07387862796833773 0.07387862796833773 0.07387862796833773 0.07387862796833773 0.07387862796833773 0.07387862796833773 0.07387862796833773 0.07387862796833773 0.07387862796833773 0.07387862796833773 0.07387862796833773 
0.0 0.0 0.0 0.0 0.0 0.0 0.0 0.0 0.0 0.0 0.0 0.0 0.0 0.0 
0.002638522427440633 0.006596306068601583 0.006596306068601583 0.006596306068601583 0.006596306068601583 0.006596306068601583 0.006596306068601583 0.006596306068601583 0.006596306068601583 0.006596306068601583 0.006596306068601583 0.006596306068601583 0.006596306068601583 0.006596306068601583 
0.00395778364116095 0.00395778364116095 0.00395778364116095 0.00395778364116095 0.00395778364116095 0.00395778364116095 0.00395778364116095 0.00395778364116095 0.00395778364116095 0.00395778364116095 0.00395778364116095 0.00395778364116095 0.00395778364116095 0.00395778364116095 
0.013192612137203167 0.026385224274406333 0.026385224274406333 0.026385224274406333 0.026385224274406333 0.026385224274406333 0.026385224274406333 0.026385224274406333 0.026385224274406333 0.026385224274406333 0.026385224274406333 0.026385224274406333 0.026385224274406333 0.026385224274406333 
0.0 0.0 0.0 0.0 0.0 0.0 0.0 0.0 0.0 0.0 0.0 0.0 0.0 0.0 
0.00395778364116095 0.009234828496042216 0.010554089709762533 0.011873350923482849 0.011873350923482849 0.011873350923482849 0.011873350923482849 0.011873350923482849 0.011873350923482849 0.011873350923482849 0.011873350923482849 0.011873350923482849 0.011873350923482849 0.011873350923482849 
0.0 0.0 0.0 0.0 0.0 0.0 0.0 0.0 0.0 0.0 0.0 0.0 0.0 0.0 
0.0 0.0013192612137203166 0.0013192612137203166 0.0013192612137203166 0.0013192612137203166 0.0013192612137203166 0.0013192612137203166 0.0013192612137203166 0.0013192612137203166 0.0013192612137203166 0.0013192612137203166 0.0013192612137203166 0.0013192612137203166 0.0013192612137203166 
0.005277044854881266 0.005277044854881266 0.005277044854881266 0.005277044854881266 0.005277044854881266 0.005277044854881266 0.005277044854881266 0.005277044854881266 0.005277044854881266 0.005277044854881266 0.005277044854881266 0.005277044854881266 0.005277044854881266 0.005277044854881266 
0.0 0.0 0.0 0.0 0.0 0.0 0.0 0.0 0.0 0.0 0.0 0.0 0.0 0.0 
0.0 0.0 0.0 0.0 0.0 0.0 0.0 0.0 0.0 0.0 0.0 0.0 0.0 0.0 
0.00395778364116095 0.00395778364116095 0.005277044854881266 0.005277044854881266 0.005277044854881266 0.005277044854881266 0.005277044854881266 0.005277044854881266 0.005277044854881266 0.005277044854881266 0.005277044854881266 0.005277044854881266 0.005277044854881266 0.005277044854881266 
0.051451187335092345 0.09234828496042216 0.09234828496042216 0.09234828496042216 0.09234828496042216 0.09234828496042216 0.09234828496042216 0.09234828496042216 0.09234828496042216 0.09234828496042216 0.09234828496042216 0.09234828496042216 0.09234828496042216 0.09234828496042216 
0.0013192612137203166 0.00395778364116095 0.00395778364116095 0.00395778364116095 0.00395778364116095 0.00395778364116095 0.00395778364116095 0.00395778364116095 0.00395778364116095 0.00395778364116095 0.00395778364116095 0.00395778364116095 0.00395778364116095 0.00395778364116095 
0.0 0.0 0.0 0.0 0.0 0.0 0.0 0.0 0.0 0.0 0.0 0.0 0.0 0.0 
0.0 0.0 0.0 0.0 0.0 0.0 0.0 0.0 0.0 0.0 0.0 0.0 0.0 0.0 
0.0 0.0 0.0 0.0 0.0 0.0 0.0 0.0 0.0 0.0 0.0 0.0 0.0 0.0 
0.002638522427440633 0.00395778364116095 0.00395778364116095 0.00395778364116095 0.00395778364116095 0.00395778364116095 0.00395778364116095 0.00395778364116095 0.00395778364116095 0.00395778364116095 0.00395778364116095 0.00395778364116095 0.00395778364116095 0.00395778364116095 
0.0013192612137203166 0.002638522427440633 0.002638522427440633 0.00395778364116095 0.00395778364116095 0.00395778364116095 0.00395778364116095 0.00395778364116095 0.00395778364116095 0.00395778364116095 0.00395778364116095 0.00395778364116095 0.00395778364116095 0.00395778364116095 
0.040897097625329816 0.07255936675461741 0.07255936675461741 0.07255936675461741 0.07255936675461741 0.07519788918205805 0.07519788918205805 0.07519788918205805 0.07783641160949868 0.07783641160949868 0.079155672823219 0.079155672823219 0.08311345646437995 0.08311345646437995 
0.03562005277044855 0.04617414248021108 0.04617414248021108 0.04617414248021108 0.047493403693931395 0.047493403693931395 0.047493403693931395 0.047493403693931395 0.048812664907651716 0.055408970976253295 0.10158311345646438 0.10158311345646438 0.10158311345646438 0.10158311345646438 
0.0 0.0 0.0 0.0 0.0 0.0 0.0 0.0 0.0 0.0 0.0 0.0 0.0 0.0 
0.0 0.0 0.0 0.0 0.0 0.0 0.0 0.0 0.0 0.0 0.0 0.0 0.0 0.0 
0.0 0.0 0.0 0.0 0.0 0.0 0.0 0.0 0.0 0.0 0.0 0.0 0.0 0.0 
0.0 0.0 0.0 0.0 0.0 0.0 0.0 0.0 0.0 0.0 0.0 0.0 0.0 0.0 
0.0 0.0 0.0 0.0 0.0 0.0 0.0 0.0 0.0 0.0 0.0 0.0 0.0 0.0 
0.0 0.0 0.0 0.0 0.0 0.0 0.0 0.0 0.0 0.0 0.0 0.0 0.0 0.0 
0.06728232189973615 0.10422163588390501 0.10422163588390501 0.10422163588390501 0.10422163588390501 0.10422163588390501 0.10422163588390501 0.10686015831134564 0.10686015831134564 0.10686015831134564 0.10686015831134564 0.10817941952506596 0.10817941952506596 0.10817941952506596 
0.0013192612137203166 0.002638522427440633 0.002638522427440633 0.002638522427440633 0.002638522427440633 0.002638522427440633 0.002638522427440633 0.002638522427440633 0.002638522427440633 0.002638522427440633 0.002638522427440633 0.002638522427440633 0.002638522427440633 0.002638522427440633 
0.0 0.0 0.0 0.0 0.0 0.0 0.0 0.0 0.0 0.0 0.0 0.0 0.0 0.0 
0.0 0.0 0.0 0.0 0.0 0.0 0.0 0.0 0.0 0.0 0.0 0.0 0.0 0.0 
0.002638522427440633 0.002638522427440633 0.002638522427440633 0.002638522427440633 0.002638522427440633 0.002638522427440633 0.002638522427440633 0.002638522427440633 0.002638522427440633 0.002638522427440633 0.002638522427440633 0.002638522427440633 0.002638522427440633 0.002638522427440633 
0.002638522427440633 0.005277044854881266 0.010554089709762533 0.014511873350923483 0.014511873350923483 0.014511873350923483 0.014511873350923483 0.014511873350923483 0.014511873350923483 0.014511873350923483 0.014511873350923483 0.014511873350923483 0.014511873350923483 0.014511873350923483 
0.0 0.0 0.0 0.0 0.0 0.0 0.0 0.0 0.0 0.0 0.0 0.0 0.0 0.0 
0.0 0.0 0.0 0.0 0.0 0.0 0.0 0.0 0.0 0.0 0.0 0.0 0.0 0.0 
0.0 0.0013192612137203166 0.0013192612137203166 0.0013192612137203166 0.0013192612137203166 0.0013192612137203166 0.0013192612137203166 0.0013192612137203166 0.0013192612137203166 0.0013192612137203166 0.0013192612137203166 0.0013192612137203166 0.0013192612137203166 0.0013192612137203166 
0.0 0.0 0.0 0.0 0.0 0.0 0.0 0.0 0.0 0.0 0.0 0.0 0.0 0.0 
0.0 0.0 0.0 0.0 0.0 0.0 0.0 0.0 0.0 0.0 0.0 0.0 0.0 0.0 
0.005277044854881266 0.0079155672823219 0.0079155672823219 0.0079155672823219 0.0079155672823219 0.0079155672823219 0.0079155672823219 0.0079155672823219 0.0079155672823219 0.0079155672823219 0.0079155672823219 0.0079155672823219 0.0079155672823219 0.0079155672823219 
0.00395778364116095 0.00395778364116095 0.00395778364116095 0.00395778364116095 0.00395778364116095 0.00395778364116095 0.00395778364116095 0.00395778364116095 0.00395778364116095 0.00395778364116095 0.00395778364116095 0.00395778364116095 0.00395778364116095 0.00395778364116095 
0.0 0.0 0.0 0.0 0.0 0.0 0.0 0.0 0.0 0.0 0.0 0.0 0.0 0.0 
0.05013192612137203 0.06200527704485488 0.06200527704485488 0.06200527704485488 0.06200527704485488 0.06200527704485488 0.06200527704485488 0.06200527704485488 0.06200527704485488 0.06200527704485488 0.06200527704485488 0.06200527704485488 0.06200527704485488 0.06200527704485488 
0.00395778364116095 0.021108179419525065 0.022427440633245383 0.022427440633245383 0.022427440633245383 0.022427440633245383 0.022427440633245383 0.022427440633245383 0.022427440633245383 0.022427440633245383 0.022427440633245383 0.022427440633245383 0.022427440633245383 0.022427440633245383 
0.051451187335092345 0.07387862796833773 0.07387862796833773 0.07387862796833773 0.07387862796833773 0.07387862796833773 0.07387862796833773 0.07387862796833773 0.07387862796833773 0.07387862796833773 0.07387862796833773 0.07387862796833773 0.07387862796833773 0.07387862796833773 
0.051451187335092345 0.07387862796833773 0.07387862796833773 0.07387862796833773 0.08047493403693931 0.08047493403693931 0.08047493403693931 0.08047493403693931 0.08047493403693931 0.08047493403693931 0.08047493403693931 0.08047493403693931 0.08047493403693931 0.08047493403693931 
0.044854881266490766 0.09630606860158311 0.09630606860158311 0.09762532981530343 0.09762532981530343 0.09762532981530343 0.09762532981530343 0.09762532981530343 0.09762532981530343 0.09762532981530343 0.09762532981530343 0.09762532981530343 0.09762532981530343 0.09762532981530343 
0.0 0.0 0.0 0.0 0.0 0.0 0.0 0.0 0.0 0.0 0.0 0.0 0.0 0.0 
0.051451187335092345 0.08047493403693931 0.0870712401055409 0.0870712401055409 0.0870712401055409 0.09234828496042216 0.09234828496042216 0.09366754617414248 0.09498680738786279 0.09498680738786279 0.09498680738786279 0.10817941952506596 0.10949868073878628 0.10949868073878628 
0.009234828496042216 0.021108179419525065 0.025065963060686015 0.026385224274406333 0.027704485488126648 0.027704485488126648 0.029023746701846966 0.030343007915567283 0.030343007915567283 0.030343007915567283 0.030343007915567283 0.030343007915567283 0.030343007915567283 0.030343007915567283 
0.03825857519788918 0.079155672823219 0.08839050131926121 0.09894459102902374 0.12532981530343007 0.1279683377308707 0.13192612137203166 0.13324538258575197 0.13720316622691292 0.13720316622691292 0.14116094986807387 0.1437994722955145 0.1437994722955145 0.1437994722955145 
0.0013192612137203166 0.0013192612137203166 0.0013192612137203166 0.0013192612137203166 0.00395778364116095 0.00395778364116095 0.009234828496042216 0.010554089709762533 0.011873350923482849 0.011873350923482849 0.011873350923482849 0.011873350923482849 0.011873350923482849 0.011873350923482849 
0.05013192612137203 0.055408970976253295 0.05804749340369393 0.05804749340369393 0.05804749340369393 0.05804749340369393 0.06200527704485488 0.06200527704485488 0.06200527704485488 0.06464379947229551 0.06596306068601583 0.06596306068601583 0.06596306068601583 0.06596306068601583 
0.044854881266490766 0.05804749340369393 0.05804749340369393 0.05804749340369393 0.059366754617414245 0.059366754617414245 0.06068601583113457 0.06068601583113457 0.06200527704485488 0.06200527704485488 0.06200527704485488 0.06200527704485488 0.0633245382585752 0.0633245382585752 
0.0 0.0 0.0 0.0 0.0 0.0 0.0 0.0 0.0 0.0 0.0 0.0 0.0 0.0 
0.0 0.0 0.0 0.0 0.0 0.0 0.0 0.0 0.0 0.0 0.0 0.0 0.0 0.0 
0.00395778364116095 0.009234828496042216 0.010554089709762533 0.011873350923482849 0.011873350923482849 0.014511873350923483 0.014511873350923483 0.0158311345646438 0.017150395778364115 0.017150395778364115 0.017150395778364115 0.017150395778364115 0.017150395778364115 0.017150395778364115 
0.047493403693931395 0.07387862796833773 0.07519788918205805 0.07651715039577836 0.07651715039577836 0.08047493403693931 0.08047493403693931 0.08047493403693931 0.08179419525065963 0.08179419525065963 0.08311345646437995 0.08311345646437995 0.08311345646437995 0.08311345646437995 
0.002638522427440633 0.002638522427440633 0.005277044854881266 0.005277044854881266 0.006596306068601583 0.006596306068601583 0.006596306068601583 0.006596306068601583 0.006596306068601583 0.006596306068601583 0.006596306068601583 0.006596306068601583 0.006596306068601583 0.006596306068601583 
0.051451187335092345 0.07387862796833773 0.08179419525065963 0.08443271767810026 0.08443271767810026 0.08575197889182058 0.08970976253298153 0.08970976253298153 0.09234828496042216 0.09630606860158311 0.10158311345646438 0.10422163588390501 0.10554089709762533 0.11873350923482849 
0.002638522427440633 0.002638522427440633 0.002638522427440633 0.002638522427440633 0.002638522427440633 0.002638522427440633 0.002638522427440633 0.002638522427440633 0.002638522427440633 0.002638522427440633 0.002638522427440633 0.002638522427440633 0.002638522427440633 0.002638522427440633 
0.0 0.009234828496042216 0.009234828496042216 0.009234828496042216 0.009234828496042216 0.009234828496042216 0.009234828496042216 0.009234828496042216 0.009234828496042216 0.009234828496042216 0.009234828496042216 0.009234828496042216 0.009234828496042216 0.009234828496042216 
0.051451187335092345 0.07387862796833773 0.08311345646437995 0.08311345646437995 0.08575197889182058 0.0870712401055409 0.0870712401055409 0.0870712401055409 0.08970976253298153 0.09102902374670185 0.09102902374670185 0.09102902374670185 0.09234828496042216 0.09498680738786279 
0.05013192612137203 0.09234828496042216 0.09234828496042216 0.09234828496042216 0.09498680738786279 0.09498680738786279 0.09894459102902374 0.09894459102902374 0.09894459102902374 0.09894459102902374 0.10026385224274406 0.10422163588390501 0.10422163588390501 0.10422163588390501 
0.00395778364116095 0.006596306068601583 0.006596306068601583 0.006596306068601583 0.006596306068601583 0.006596306068601583 0.006596306068601583 0.006596306068601583 0.006596306068601583 0.006596306068601583 0.006596306068601583 0.006596306068601583 0.0079155672823219 0.0079155672823219 
0.059366754617414245 0.08047493403693931 0.08970976253298153 0.09234828496042216 0.09234828496042216 0.09234828496042216 0.12137203166226913 0.12401055408970976 0.12401055408970976 0.12532981530343007 0.13060686015831136 0.13060686015831136 0.13324538258575197 0.13324538258575197 
0.0 0.0 0.0 0.0 0.0 0.0 0.0 0.0 0.0 0.0 0.0 0.0 0.0 0.0 
0.0013192612137203166 0.0013192612137203166 0.0013192612137203166 0.0013192612137203166 0.0013192612137203166 0.0013192612137203166 0.0013192612137203166 0.0013192612137203166 0.0013192612137203166 0.0013192612137203166 0.0013192612137203166 0.0013192612137203166 0.0013192612137203166 0.0013192612137203166 
0.04617414248021108 0.09762532981530343 0.09762532981530343 0.09762532981530343 0.09894459102902374 0.10026385224274406 0.10026385224274406 0.10026385224274406 0.10026385224274406 0.10026385224274406 0.10026385224274406 0.10026385224274406 0.10026385224274406 0.10026385224274406 
0.04353562005277045 0.09498680738786279 0.09498680738786279 0.09630606860158311 0.09762532981530343 0.09762532981530343 0.09762532981530343 0.09762532981530343 0.09762532981530343 0.09762532981530343 0.09894459102902374 0.09894459102902374 0.09894459102902374 0.09894459102902374 
0.052770448548812667 0.06596306068601583 0.06596306068601583 0.06728232189973615 0.06860158311345646 0.06860158311345646 0.06860158311345646 0.06992084432717678 0.06992084432717678 0.07255936675461741 0.09498680738786279 0.09498680738786279 0.09498680738786279 0.09498680738786279 
0.0 0.0 0.0 0.0 0.0 0.0 0.0 0.0 0.0 0.0 0.0 0.0 0.0 0.0 
0.00395778364116095 0.0079155672823219 0.0079155672823219 0.0079155672823219 0.0079155672823219 0.0079155672823219 0.009234828496042216 0.009234828496042216 0.010554089709762533 0.010554089709762533 0.010554089709762533 0.010554089709762533 0.010554089709762533 0.010554089709762533 
0.0013192612137203166 0.0013192612137203166 0.0013192612137203166 0.0013192612137203166 0.0013192612137203166 0.0013192612137203166 0.0013192612137203166 0.0013192612137203166 0.0013192612137203166 0.0013192612137203166 0.0013192612137203166 0.0013192612137203166 0.0013192612137203166 0.0013192612137203166 
0.0 0.0 0.0 0.0 0.0 0.0 0.0 0.0 0.0 0.0 0.0 0.0 0.0 0.0 
0.051451187335092345 0.08443271767810026 0.11477572559366754 0.11477572559366754 0.11609498680738786 0.11609498680738786 0.11609498680738786 0.11609498680738786 0.11609498680738786 0.11741424802110818 0.12269129287598944 0.12269129287598944 0.12401055408970976 0.1266490765171504 
0.0 0.0 0.0 0.0 0.0 0.0 0.0 0.0 0.0 0.0 0.0 0.0 0.0 0.0 
0.04353562005277045 0.09762532981530343 0.09762532981530343 0.10158311345646438 0.10290237467018469 0.10817941952506596 0.10817941952506596 0.11213720316622691 0.11213720316622691 0.12005277044854881 0.12005277044854881 0.12005277044854881 0.12005277044854881 0.12137203166226913 
0.0013192612137203166 0.0013192612137203166 0.002638522427440633 0.002638522427440633 0.002638522427440633 0.002638522427440633 0.002638522427440633 0.002638522427440633 0.002638522427440633 0.002638522427440633 0.002638522427440633 0.002638522427440633 0.002638522427440633 0.002638522427440633 
0.0 0.0 0.0 0.0 0.0 0.0 0.0 0.0 0.0 0.0 0.0 0.0 0.0 0.0 
0.0013192612137203166 0.0013192612137203166 0.002638522427440633 0.002638522427440633 0.002638522427440633 0.00395778364116095 0.00395778364116095 0.00395778364116095 0.00395778364116095 0.00395778364116095 0.00395778364116095 0.00395778364116095 0.00395778364116095 0.00395778364116095 
0.0 0.0 0.0 0.0 0.0 0.0 0.0 0.0 0.0 0.0 0.0 0.0 0.0 0.0 
0.0 0.002638522427440633 0.005277044854881266 0.005277044854881266 0.005277044854881266 0.005277044854881266 0.005277044854881266 0.005277044854881266 0.005277044854881266 0.005277044854881266 0.005277044854881266 0.005277044854881266 0.005277044854881266 0.005277044854881266 
0.05013192612137203 0.09234828496042216 0.09234828496042216 0.09762532981530343 0.09762532981530343 0.09894459102902374 0.10290237467018469 0.10290237467018469 0.10290237467018469 0.10290237467018469 0.10290237467018469 0.10290237467018469 0.10290237467018469 0.10290237467018469 
0.005277044854881266 0.006596306068601583 0.006596306068601583 0.006596306068601583 0.0079155672823219 0.0079155672823219 0.0079155672823219 0.0079155672823219 0.0079155672823219 0.010554089709762533 0.010554089709762533 0.010554089709762533 0.010554089709762533 0.010554089709762533 
0.00395778364116095 0.005277044854881266 0.005277044854881266 0.005277044854881266 0.005277044854881266 0.006596306068601583 0.006596306068601583 0.006596306068601583 0.006596306068601583 0.006596306068601583 0.006596306068601583 0.006596306068601583 0.006596306068601583 0.006596306068601583 
0.040897097625329816 0.09630606860158311 0.09630606860158311 0.09630606860158311 0.09630606860158311 0.09630606860158311 0.09630606860158311 0.09762532981530343 0.09762532981530343 0.09762532981530343 0.09762532981530343 0.09762532981530343 0.09762532981530343 0.09762532981530343 
0.0 0.0 0.0 0.0 0.0 0.0 0.0 0.0 0.0 0.0 0.0 0.0 0.0 0.0 
0.00395778364116095 0.010554089709762533 0.011873350923482849 0.011873350923482849 0.011873350923482849 0.011873350923482849 0.011873350923482849 0.013192612137203167 0.013192612137203167 0.013192612137203167 0.013192612137203167 0.013192612137203167 0.013192612137203167 0.013192612137203167 
0.00395778364116095 0.006596306068601583 0.006596306068601583 0.006596306068601583 0.006596306068601583 0.006596306068601583 0.0079155672823219 0.0079155672823219 0.0079155672823219 0.0079155672823219 0.0079155672823219 0.0079155672823219 0.0079155672823219 0.0079155672823219 
0.0 0.0013192612137203166 0.0013192612137203166 0.0013192612137203166 0.0013192612137203166 0.0013192612137203166 0.0013192612137203166 0.0013192612137203166 0.0013192612137203166 0.0013192612137203166 0.0013192612137203166 0.0013192612137203166 0.0013192612137203166 0.0013192612137203166 
0.0 0.0 0.0 0.0 0.0 0.0 0.0 0.0 0.0 0.0 0.0 0.0 0.0 0.0 
0.0 0.0 0.0 0.0 0.0 0.0 0.0 0.0 0.0 0.0 0.0 0.0 0.0 0.0 
0.00395778364116095 0.009234828496042216 0.011873350923482849 0.013192612137203167 0.013192612137203167 0.014511873350923483 0.014511873350923483 0.014511873350923483 0.014511873350923483 0.014511873350923483 0.014511873350923483 0.014511873350923483 0.014511873350923483 0.014511873350923483 
0.0 0.0 0.0 0.0 0.0 0.0 0.0 0.0 0.0 0.0 0.0 0.0 0.0 0.0 
0.044854881266490766 0.05804749340369393 0.05804749340369393 0.05804749340369393 0.06068601583113457 0.06068601583113457 0.0633245382585752 0.0633245382585752 0.0633245382585752 0.0633245382585752 0.06464379947229551 0.06464379947229551 0.06992084432717678 0.08047493403693931 
0.0 0.0 0.0 0.0 0.0 0.0 0.0 0.0 0.0 0.0 0.0 0.0 0.0 0.0 
0.00395778364116095 0.00395778364116095 0.00395778364116095 0.00395778364116095 0.005277044854881266 0.005277044854881266 0.005277044854881266 0.005277044854881266 0.005277044854881266 0.005277044854881266 0.005277044854881266 0.005277044854881266 0.005277044854881266 0.005277044854881266 
0.0 0.0 0.0 0.0 0.0 0.0 0.0 0.0 0.0 0.0 0.0 0.0 0.0 0.0 
0.0 0.0 0.0 0.0 0.0 0.0 0.0 0.0 0.0 0.0 0.0 0.0 0.0 0.0 
0.0 0.0 0.0 0.0 0.0 0.0 0.0 0.0 0.0 0.0 0.0 0.0 0.0 0.0 
0.0 0.0 0.0 0.0 0.0 0.0 0.0 0.0 0.0 0.0 0.0 0.0 0.0 0.0 
0.0 0.0 0.0 0.0 0.0 0.0 0.0 0.0 0.0 0.0 0.0 0.0 0.0 0.0 
0.04353562005277045 0.048812664907651716 0.048812664907651716 0.051451187335092345 0.051451187335092345 0.0633245382585752 0.0633245382585752 0.0633245382585752 0.08839050131926121 0.09762532981530343 0.10026385224274406 0.10290237467018469 0.10290237467018469 0.10554089709762533 
0.0 0.0 0.0 0.0 0.0 0.0 0.0 0.0 0.0 0.0 0.0 0.0 0.0 0.0 
0.018469656992084433 0.03430079155672823 0.03562005277044855 0.03562005277044855 0.05013192612137203 0.05013192612137203 0.055408970976253295 0.055408970976253295 0.05804749340369393 0.05804749340369393 0.06596306068601583 0.08970976253298153 0.09102902374670185 0.11081794195250659 
0.0 0.0 0.0 0.0 0.0 0.0 0.0 0.0 0.0 0.0 0.0 0.0 0.0 0.0 
0.051451187335092345 0.10554089709762533 0.10554089709762533 0.10554089709762533 0.10554089709762533 0.10554089709762533 0.10554089709762533 0.10554089709762533 0.10554089709762533 0.10554089709762533 0.10554089709762533 0.10554089709762533 0.10554089709762533 0.10554089709762533 
0.0 0.0 0.0013192612137203166 0.0013192612137203166 0.0013192612137203166 0.0013192612137203166 0.0013192612137203166 0.0013192612137203166 0.0013192612137203166 0.0013192612137203166 0.0013192612137203166 0.0013192612137203166 0.0013192612137203166 0.0013192612137203166 
0.018469656992084433 0.09630606860158311 0.11477572559366754 0.11609498680738786 0.1266490765171504 0.1266490765171504 0.13060686015831136 0.13060686015831136 0.13060686015831136 0.13060686015831136 0.13060686015831136 0.13060686015831136 0.13060686015831136 0.13060686015831136 
0.0 0.0 0.0 0.0 0.0 0.0 0.0 0.0 0.0 0.0 0.0 0.0 0.0 0.0 
0.047493403693931395 0.05804749340369393 0.05804749340369393 0.059366754617414245 0.059366754617414245 0.059366754617414245 0.0633245382585752 0.07651715039577836 0.07783641160949868 0.07783641160949868 0.09498680738786279 0.10554089709762533 0.10554089709762533 0.12137203166226913 
0.051451187335092345 0.10554089709762533 0.10554089709762533 0.10817941952506596 0.10949868073878628 0.10949868073878628 0.10949868073878628 0.10949868073878628 0.10949868073878628 0.10949868073878628 0.11081794195250659 0.11081794195250659 0.11081794195250659 0.11081794195250659 
0.0 0.0 0.0 0.0 0.0 0.0013192612137203166 0.0013192612137203166 0.0013192612137203166 0.0013192612137203166 0.0013192612137203166 0.0013192612137203166 0.0013192612137203166 0.0013192612137203166 0.0013192612137203166 
0.0 0.0 0.0 0.0 0.0 0.0 0.0 0.0 0.0 0.0 0.0 0.0 0.0 0.0 
0.051451187335092345 0.09366754617414248 0.09366754617414248 0.10554089709762533 0.10817941952506596 0.11213720316622691 0.11609498680738786 0.11873350923482849 0.1266490765171504 0.1266490765171504 0.1266490765171504 0.1266490765171504 0.1266490765171504 0.1266490765171504 
0.0 0.0 0.0 0.0 0.0 0.0 0.0 0.0 0.0 0.0 0.0 0.0 0.0 0.0 
0.00395778364116095 0.006596306068601583 0.0079155672823219 0.009234828496042216 0.010554089709762533 0.010554089709762533 0.010554089709762533 0.010554089709762533 0.010554089709762533 0.010554089709762533 0.010554089709762533 0.010554089709762533 0.010554089709762533 0.010554089709762533 
0.002638522427440633 0.00395778364116095 0.00395778364116095 0.00395778364116095 0.00395778364116095 0.00395778364116095 0.00395778364116095 0.00395778364116095 0.00395778364116095 0.00395778364116095 0.00395778364116095 0.00395778364116095 0.00395778364116095 0.00395778364116095 
0.0 0.0 0.0 0.0 0.0 0.0 0.0 0.0 0.0 0.0 0.0 0.0 0.0 0.0 
0.0079155672823219 0.014511873350923483 0.014511873350923483 0.014511873350923483 0.014511873350923483 0.014511873350923483 0.014511873350923483 0.014511873350923483 0.014511873350923483 0.014511873350923483 0.014511873350923483 0.014511873350923483 0.014511873350923483 0.014511873350923483 
0.018469656992084433 0.059366754617414245 0.06728232189973615 0.07519788918205805 0.07651715039577836 0.07783641160949868 0.07783641160949868 0.079155672823219 0.08443271767810026 0.08443271767810026 0.08575197889182058 0.08575197889182058 0.08575197889182058 0.08575197889182058 
0.0 0.0 0.0 0.0 0.0 0.0 0.0 0.0 0.0 0.0 0.0 0.0 0.0 0.0 
0.0 0.0 0.0 0.0 0.0 0.0 0.0 0.0 0.0 0.0 0.0 0.0 0.0 0.0 
0.0395778364116095 0.06596306068601583 0.06596306068601583 0.06596306068601583 0.06728232189973615 0.06860158311345646 0.06992084432717678 0.07387862796833773 0.07387862796833773 0.07651715039577836 0.07783641160949868 0.07783641160949868 0.07783641160949868 0.09630606860158311 
0.0 0.0 0.0 0.0 0.0 0.0 0.0 0.0 0.0 0.0 0.0 0.0 0.0 0.0 
0.052770448548812667 0.09234828496042216 0.09894459102902374 0.09894459102902374 0.10554089709762533 0.10817941952506596 0.10817941952506596 0.10817941952506596 0.11213720316622691 0.11213720316622691 0.11741424802110818 0.12137203166226913 0.13192612137203166 0.13192612137203166 
0.002638522427440633 0.005277044854881266 0.005277044854881266 0.005277044854881266 0.005277044854881266 0.005277044854881266 0.005277044854881266 0.005277044854881266 0.005277044854881266 0.005277044854881266 0.005277044854881266 0.005277044854881266 0.005277044854881266 0.005277044854881266 
0.04353562005277045 0.10158311345646438 0.10290237467018469 0.10290237467018469 0.10290237467018469 0.10290237467018469 0.10290237467018469 0.10290237467018469 0.10290237467018469 0.10290237467018469 0.10290237467018469 0.10290237467018469 0.10686015831134564 0.10686015831134564 
0.0 0.0 0.0 0.0 0.0 0.0 0.0 0.0 0.0 0.0 0.0 0.0 0.0 0.0 
0.0 0.0 0.0 0.0 0.0 0.0 0.0 0.0 0.0 0.0 0.0 0.0 0.0 0.0 
0.051451187335092345 0.079155672823219 0.08443271767810026 0.08970976253298153 0.10026385224274406 0.10817941952506596 0.12005277044854881 0.1345646437994723 0.1345646437994723 0.1345646437994723 0.1345646437994723 0.1345646437994723 0.1345646437994723 0.1345646437994723 
0.002638522427440633 0.002638522427440633 0.002638522427440633 0.002638522427440633 0.002638522427440633 0.002638522427440633 0.00395778364116095 0.00395778364116095 0.00395778364116095 0.00395778364116095 0.00395778364116095 0.00395778364116095 0.00395778364116095 0.00395778364116095 
0.0 0.0 0.0 0.0 0.0 0.0 0.0 0.0 0.0 0.0 0.0 0.0 0.0 0.0 
0.002638522427440633 0.010554089709762533 0.010554089709762533 0.010554089709762533 0.010554089709762533 0.010554089709762533 0.011873350923482849 0.011873350923482849 0.011873350923482849 0.011873350923482849 0.011873350923482849 0.011873350923482849 0.011873350923482849 0.011873350923482849 
0.0 0.0 0.0 0.0 0.0 0.0 0.0 0.0 0.0 0.0 0.0 0.0 0.0 0.0 
0.00395778364116095 0.009234828496042216 0.013192612137203167 0.013192612137203167 0.013192612137203167 0.013192612137203167 0.014511873350923483 0.017150395778364115 0.017150395778364115 0.017150395778364115 0.018469656992084433 0.018469656992084433 0.018469656992084433 0.018469656992084433 
0.04617414248021108 0.07519788918205805 0.08179419525065963 0.08311345646437995 0.09102902374670185 0.10026385224274406 0.10422163588390501 0.10422163588390501 0.11873350923482849 0.12269129287598944 0.12269129287598944 0.12928759894459102 0.12928759894459102 0.13720316622691292 
0.0013192612137203166 0.0013192612137203166 0.0013192612137203166 0.0013192612137203166 0.0013192612137203166 0.0013192612137203166 0.0013192612137203166 0.0013192612137203166 0.0013192612137203166 0.0013192612137203166 0.0013192612137203166 0.0013192612137203166 0.0013192612137203166 0.0013192612137203166 
0.0 0.0 0.0 0.0 0.0 0.0 0.0 0.0 0.0 0.0 0.0 0.0 0.0 0.0 
0.002638522427440633 0.009234828496042216 0.0158311345646438 0.0158311345646438 0.0158311345646438 0.0158311345646438 0.0158311345646438 0.0158311345646438 0.017150395778364115 0.017150395778364115 0.017150395778364115 0.017150395778364115 0.017150395778364115 0.017150395778364115 
0.0 0.0 0.0 0.0 0.0 0.0 0.0 0.0 0.0 0.0 0.0 0.0 0.0 0.0 
0.0 0.0 0.0 0.0 0.0 0.0 0.0 0.0 0.0 0.0 0.0 0.0 0.0 0.0 
0.0 0.0 0.0 0.0 0.0 0.0 0.0 0.0 0.0 0.0 0.0 0.0 0.0 0.0 
0.0 0.0 0.0 0.0 0.0 0.0 0.0 0.0 0.0 0.0 0.0 0.0 0.0 0.0 
0.0 0.0 0.0 0.0 0.0 0.0 0.0 0.0 0.0 0.0 0.0 0.0 0.0 0.0 
0.0 0.0 0.0 0.0 0.0 0.0 0.0 0.0 0.0 0.0 0.0 0.0 0.0 0.0 
0.002638522427440633 0.006596306068601583 0.006596306068601583 0.006596306068601583 0.0079155672823219 0.0079155672823219 0.0079155672823219 0.009234828496042216 0.009234828496042216 0.009234828496042216 0.010554089709762533 0.011873350923482849 0.011873350923482849 0.011873350923482849 
0.0 0.0 0.0 0.0 0.0 0.0 0.0 0.0 0.0 0.0 0.0 0.0 0.0 0.0 
0.0013192612137203166 0.0013192612137203166 0.0013192612137203166 0.0013192612137203166 0.0013192612137203166 0.0013192612137203166 0.0013192612137203166 0.002638522427440633 0.002638522427440633 0.002638522427440633 0.002638522427440633 0.002638522427440633 0.002638522427440633 0.00395778364116095 
0.0 0.0 0.0 0.0 0.0 0.0 0.0 0.0 0.0 0.0 0.0 0.0 0.0 0.0 
0.0 0.0 0.0 0.0 0.0 0.0 0.0 0.0 0.0 0.0 0.0 0.0 0.0 0.0 
0.00395778364116095 0.005277044854881266 0.005277044854881266 0.005277044854881266 0.005277044854881266 0.005277044854881266 0.005277044854881266 0.005277044854881266 0.005277044854881266 0.005277044854881266 0.005277044854881266 0.005277044854881266 0.005277044854881266 0.005277044854881266 
0.00395778364116095 0.005277044854881266 0.005277044854881266 0.0079155672823219 0.0079155672823219 0.0079155672823219 0.009234828496042216 0.009234828496042216 0.009234828496042216 0.009234828496042216 0.011873350923482849 0.011873350923482849 0.011873350923482849 0.0158311345646438 
0.051451187335092345 0.0870712401055409 0.10422163588390501 0.10554089709762533 0.10686015831134564 0.12401055408970976 0.1345646437994723 0.1345646437994723 0.13852242744063326 0.14511873350923482 0.14907651715039577 0.15567282321899736 0.15567282321899736 0.15567282321899736 
0.04617414248021108 0.079155672823219 0.09102902374670185 0.10290237467018469 0.10290237467018469 0.10290237467018469 0.10290237467018469 0.10290237467018469 0.10422163588390501 0.10686015831134564 0.10686015831134564 0.10949868073878628 0.11213720316622691 0.11741424802110818 
0.0079155672823219 0.010554089709762533 0.010554089709762533 0.010554089709762533 0.010554089709762533 0.010554089709762533 0.010554089709762533 0.010554089709762533 0.010554089709762533 0.010554089709762533 0.010554089709762533 0.010554089709762533 0.011873350923482849 0.011873350923482849 
0.0 0.0 0.0 0.0 0.0 0.0 0.0 0.0 0.0 0.0 0.0 0.0 0.0 0.0 
0.009234828496042216 0.017150395778364115 0.026385224274406333 0.026385224274406333 0.026385224274406333 0.026385224274406333 0.026385224274406333 0.026385224274406333 0.026385224274406333 0.032981530343007916 0.032981530343007916 0.032981530343007916 0.032981530343007916 0.032981530343007916 
0.0013192612137203166 0.005277044854881266 0.005277044854881266 0.005277044854881266 0.005277044854881266 0.005277044854881266 0.005277044854881266 0.006596306068601583 0.006596306068601583 0.006596306068601583 0.006596306068601583 0.006596306068601583 0.006596306068601583 0.006596306068601583 
0.009234828496042216 0.011873350923482849 0.013192612137203167 0.013192612137203167 0.013192612137203167 0.014511873350923483 0.014511873350923483 0.014511873350923483 0.0158311345646438 0.017150395778364115 0.017150395778364115 0.022427440633245383 0.022427440633245383 0.022427440633245383 
0.009234828496042216 0.011873350923482849 0.014511873350923483 0.014511873350923483 0.014511873350923483 0.014511873350923483 0.014511873350923483 0.014511873350923483 0.014511873350923483 0.014511873350923483 0.014511873350923483 0.014511873350923483 0.014511873350923483 0.014511873350923483 
0.002638522427440633 0.006596306068601583 0.011873350923482849 0.011873350923482849 0.011873350923482849 0.011873350923482849 0.011873350923482849 0.011873350923482849 0.0158311345646438 0.0158311345646438 0.0158311345646438 0.0158311345646438 0.0158311345646438 0.0158311345646438 
0.055408970976253295 0.06596306068601583 0.06728232189973615 0.06728232189973615 0.09102902374670185 0.09762532981530343 0.10817941952506596 0.11345646437994723 0.11741424802110818 0.12137203166226913 0.12928759894459102 0.12928759894459102 0.12928759894459102 0.13984168865435356 
0.00395778364116095 0.00395778364116095 0.00395778364116095 0.00395778364116095 0.00395778364116095 0.00395778364116095 0.00395778364116095 0.00395778364116095 0.00395778364116095 0.00395778364116095 0.00395778364116095 0.00395778364116095 0.00395778364116095 0.006596306068601583 
0.047493403693931395 0.0712401055408971 0.09498680738786279 0.09762532981530343 0.10554089709762533 0.10554089709762533 0.10817941952506596 0.11345646437994723 0.13192612137203166 0.13984168865435356 0.1437994722955145 0.1437994722955145 0.14775725593667546 0.1503957783641161 
0.0 0.0 0.0 0.0 0.0 0.0 0.0 0.0 0.0 0.0 0.0 0.0 0.0 0.0 
0.05013192612137203 0.10422163588390501 0.10422163588390501 0.11081794195250659 0.11213720316622691 0.11213720316622691 0.11213720316622691 0.11345646437994723 0.11345646437994723 0.11345646437994723 0.11609498680738786 0.11873350923482849 0.12137203166226913 0.12137203166226913 
0.0 0.0 0.0 0.0 0.0 0.0 0.0 0.0 0.0 0.0 0.0 0.0 0.0 0.0 
0.05013192612137203 0.05804749340369393 0.09366754617414248 0.09498680738786279 0.09894459102902374 0.10422163588390501 0.11873350923482849 0.12005277044854881 0.12005277044854881 0.12137203166226913 0.12269129287598944 0.12269129287598944 0.12269129287598944 0.13852242744063326 
0.00395778364116095 0.005277044854881266 0.0079155672823219 0.0079155672823219 0.0079155672823219 0.0079155672823219 0.0079155672823219 0.0079155672823219 0.010554089709762533 0.011873350923482849 0.011873350923482849 0.011873350923482849 0.013192612137203167 0.013192612137203167 
0.002638522427440633 0.009234828496042216 0.009234828496042216 0.011873350923482849 0.011873350923482849 0.011873350923482849 0.011873350923482849 0.011873350923482849 0.011873350923482849 0.017150395778364115 0.017150395778364115 0.017150395778364115 0.017150395778364115 0.017150395778364115 
0.0 0.0 0.0 0.0 0.0 0.0 0.0 0.0 0.0 0.0 0.0 0.0 0.0 0.0 
0.0 0.0 0.0 0.0 0.0 0.0 0.0 0.0 0.0 0.0 0.0 0.0 0.0 0.0 
0.0 0.0 0.0 0.0 0.0 0.0 0.0 0.0 0.0 0.0 0.0 0.0 0.0 0.0 
0.0 0.0 0.0 0.0 0.0 0.0 0.0 0.0 0.0 0.0 0.0 0.0 0.0 0.0 
0.044854881266490766 0.05804749340369393 0.08839050131926121 0.1517150395778364 0.15435356200527706 0.15963060686015831 0.16226912928759896 0.16886543535620052 0.17546174142480211 0.18073878627968337 0.18073878627968337 0.1820580474934037 0.18601583113456466 0.18733509234828497 
0.002638522427440633 0.002638522427440633 0.0079155672823219 0.0079155672823219 0.0079155672823219 0.0079155672823219 0.0079155672823219 0.0079155672823219 0.009234828496042216 0.010554089709762533 0.010554089709762533 0.010554089709762533 0.010554089709762533 0.010554089709762533 
0.0079155672823219 0.011873350923482849 0.0158311345646438 0.018469656992084433 0.018469656992084433 0.01978891820580475 0.021108179419525065 0.021108179419525065 0.021108179419525065 0.021108179419525065 0.029023746701846966 0.029023746701846966 0.029023746701846966 0.029023746701846966 
0.0 0.0 0.0 0.0 0.0 0.0 0.0 0.0 0.0 0.0 0.0 0.0 0.0 0.0 
0.0 0.0 0.0 0.0 0.0 0.0 0.0 0.0 0.0 0.0 0.0 0.0 0.0 0.0 
0.0 0.006596306068601583 0.0079155672823219 0.0079155672823219 0.0079155672823219 0.0079155672823219 0.009234828496042216 0.009234828496042216 0.009234828496042216 0.010554089709762533 0.010554089709762533 0.010554089709762533 0.011873350923482849 0.011873350923482849 
0.0 0.0 0.0 0.0013192612137203166 0.0013192612137203166 0.0013192612137203166 0.0013192612137203166 0.0013192612137203166 0.002638522427440633 0.002638522427440633 0.002638522427440633 0.002638522427440633 0.002638522427440633 0.002638522427440633 
0.05804749340369393 0.08443271767810026 0.10554089709762533 0.11609498680738786 0.11609498680738786 0.11741424802110818 0.12269129287598944 0.1279683377308707 0.12928759894459102 0.13060686015831136 0.13060686015831136 0.1358839050131926 0.13984168865435356 0.13984168865435356 
0.0079155672823219 0.0079155672823219 0.0079155672823219 0.009234828496042216 0.009234828496042216 0.009234828496042216 0.009234828496042216 0.009234828496042216 0.009234828496042216 0.009234828496042216 0.009234828496042216 0.010554089709762533 0.010554089709762533 0.010554089709762533 
0.0013192612137203166 0.002638522427440633 0.005277044854881266 0.005277044854881266 0.006596306068601583 0.006596306068601583 0.006596306068601583 0.006596306068601583 0.006596306068601583 0.006596306068601583 0.0079155672823219 0.0079155672823219 0.0079155672823219 0.0079155672823219 
0.00395778364116095 0.006596306068601583 0.009234828496042216 0.009234828496042216 0.009234828496042216 0.009234828496042216 0.009234828496042216 0.009234828496042216 0.009234828496042216 0.010554089709762533 0.010554089709762533 0.010554089709762533 0.010554089709762533 0.011873350923482849 
0.0 0.0 0.0 0.0 0.0 0.0 0.0 0.0 0.0 0.0 0.0 0.0 0.0 0.0 
0.018469656992084433 0.026385224274406333 0.027704485488126648 0.029023746701846966 0.040897097625329816 0.04353562005277045 0.05672823218997362 0.06200527704485488 0.06200527704485488 0.0633245382585752 0.0633245382585752 0.06464379947229551 0.06464379947229551 0.06464379947229551 
0.059366754617414245 0.0712401055408971 0.07651715039577836 0.09234828496042216 0.10026385224274406 0.1266490765171504 0.14643799472295516 0.16490765171503957 0.17282321899736147 0.1741424802110818 0.17546174142480211 0.17546174142480211 0.17941952506596306 0.17941952506596306 
0.002638522427440633 0.009234828496042216 0.013192612137203167 0.01978891820580475 0.01978891820580475 0.021108179419525065 0.029023746701846966 0.029023746701846966 0.029023746701846966 0.029023746701846966 0.029023746701846966 0.030343007915567283 0.030343007915567283 0.030343007915567283 
0.0 0.0 0.0 0.0 0.0 0.0 0.0 0.0 0.0 0.0 0.0 0.0 0.0 0.0 
0.0 0.0 0.0 0.0 0.0 0.0 0.0 0.0 0.0 0.0 0.0 0.0 0.0 0.0 
0.002638522427440633 0.006596306068601583 0.006596306068601583 0.010554089709762533 0.017150395778364115 0.017150395778364115 0.017150395778364115 0.017150395778364115 0.022427440633245383 0.022427440633245383 0.022427440633245383 0.023746701846965697 0.023746701846965697 0.025065963060686015 
0.0 0.0 0.0 0.0 0.0 0.0 0.0 0.0 0.0 0.0 0.0 0.0 0.0 0.0 
0.00395778364116095 0.017150395778364115 0.023746701846965697 0.023746701846965697 0.023746701846965697 0.023746701846965697 0.023746701846965697 0.026385224274406333 0.027704485488126648 0.027704485488126648 0.027704485488126648 0.029023746701846966 0.030343007915567283 0.03430079155672823 
0.0 0.0 0.0 0.0 0.0 0.0 0.0 0.0 0.0 0.0 0.0 0.0 0.0 0.0 
0.051451187335092345 0.10554089709762533 0.10686015831134564 0.11345646437994723 0.11609498680738786 0.11609498680738786 0.11609498680738786 0.11609498680738786 0.11609498680738786 0.11609498680738786 0.11741424802110818 0.11873350923482849 0.11873350923482849 0.11873350923482849 
0.0 0.0 0.0 0.0 0.0 0.0 0.0 0.0 0.0 0.0 0.0 0.0 0.0 0.0 
0.0 0.0 0.0 0.0 0.0 0.0 0.0 0.0 0.0 0.0 0.0 0.0 0.0 0.0 
0.0 0.0 0.0 0.0 0.0 0.0 0.0 0.0 0.0 0.0 0.0 0.0 0.0 0.0 
0.0 0.0 0.0013192612137203166 0.002638522427440633 0.002638522427440633 0.002638522427440633 0.002638522427440633 0.002638522427440633 0.002638522427440633 0.002638522427440633 0.002638522427440633 0.002638522427440633 0.002638522427440633 0.002638522427440633 
0.05013192612137203 0.06596306068601583 0.06860158311345646 0.06860158311345646 0.06860158311345646 0.07387862796833773 0.07387862796833773 0.07519788918205805 0.08575197889182058 0.0870712401055409 0.09366754617414248 0.09498680738786279 0.09762532981530343 0.09762532981530343 
0.0013192612137203166 0.00395778364116095 0.006596306068601583 0.006596306068601583 0.006596306068601583 0.006596306068601583 0.006596306068601583 0.006596306068601583 0.006596306068601583 0.006596306068601583 0.006596306068601583 0.006596306068601583 0.006596306068601583 0.006596306068601583 
0.0 0.0 0.0 0.0013192612137203166 0.0013192612137203166 0.0013192612137203166 0.0013192612137203166 0.0013192612137203166 0.0013192612137203166 0.0013192612137203166 0.0013192612137203166 0.002638522427440633 0.002638522427440633 0.002638522427440633 
0.0 0.0 0.0 0.0 0.0 0.0 0.0 0.0 0.0 0.0 0.0 0.0 0.0 0.0 
0.0013192612137203166 0.00395778364116095 0.009234828496042216 0.013192612137203167 0.013192612137203167 0.013192612137203167 0.013192612137203167 0.013192612137203167 0.013192612137203167 0.013192612137203167 0.013192612137203167 0.013192612137203167 0.013192612137203167 0.013192612137203167 
0.009234828496042216 0.011873350923482849 0.011873350923482849 0.014511873350923483 0.021108179419525065 0.021108179419525065 0.021108179419525065 0.021108179419525065 0.023746701846965697 0.023746701846965697 0.023746701846965697 0.023746701846965697 0.023746701846965697 0.023746701846965697 
0.0 0.0 0.0 0.0 0.0 0.0 0.0 0.0 0.0 0.0 0.0 0.0 0.0 0.0 
0.0 0.0 0.0 0.0 0.0 0.0 0.0 0.0 0.0 0.0 0.0 0.0 0.0 0.0 
0.0 0.0 0.0 0.0 0.0 0.0 0.0 0.0 0.0 0.0 0.0 0.0 0.0 0.0 
0.040897097625329816 0.07519788918205805 0.08575197889182058 0.12532981530343007 0.12532981530343007 0.14775725593667546 0.15303430079155672 0.15303430079155672 0.16094986807387862 0.17941952506596306 0.18601583113456466 0.18997361477572558 0.19920844327176782 0.19920844327176782 
0.0 0.0 0.0 0.0 0.0 0.0 0.0 0.0 0.0 0.0 0.0 0.0 0.0 0.0 
0.04617414248021108 0.10290237467018469 0.10554089709762533 0.11213720316622691 0.11213720316622691 0.11213720316622691 0.1279683377308707 0.13324538258575197 0.13720316622691292 0.1437994722955145 0.14511873350923482 0.14511873350923482 0.14511873350923482 0.14511873350923482 
0.009234828496042216 0.022427440633245383 0.026385224274406333 0.026385224274406333 0.027704485488126648 0.030343007915567283 0.030343007915567283 0.032981530343007916 0.032981530343007916 0.032981530343007916 0.032981530343007916 0.032981530343007916 0.032981530343007916 0.032981530343007916 
0.0 0.0 0.0 0.0 0.0 0.0 0.0 0.0 0.0 0.0 0.0 0.0 0.0 0.0 
0.044854881266490766 0.09894459102902374 0.09894459102902374 0.09894459102902374 0.09894459102902374 0.09894459102902374 0.10026385224274406 0.10026385224274406 0.10290237467018469 0.10554089709762533 0.10817941952506596 0.11477572559366754 0.11477572559366754 0.11477572559366754 
0.00395778364116095 0.0079155672823219 0.0079155672823219 0.0079155672823219 0.0079155672823219 0.0079155672823219 0.022427440633245383 0.023746701846965697 0.027704485488126648 0.027704485488126648 0.0316622691292876 0.0316622691292876 0.032981530343007916 0.03562005277044855 
0.013192612137203167 0.03430079155672823 0.04221635883905013 0.04221635883905013 0.047493403693931395 0.048812664907651716 0.051451187335092345 0.051451187335092345 0.051451187335092345 0.051451187335092345 0.051451187335092345 0.051451187335092345 0.051451187335092345 0.051451187335092345 
0.0 0.0 0.0 0.0 0.0 0.0 0.0 0.0 0.0 0.0 0.0 0.0 0.0 0.0 
0.00395778364116095 0.00395778364116095 0.00395778364116095 0.00395778364116095 0.00395778364116095 0.00395778364116095 0.005277044854881266 0.0079155672823219 0.0079155672823219 0.0079155672823219 0.0079155672823219 0.0079155672823219 0.009234828496042216 0.009234828496042216 
0.0079155672823219 0.01978891820580475 0.021108179419525065 0.023746701846965697 0.026385224274406333 0.032981530343007916 0.032981530343007916 0.03430079155672823 0.03430079155672823 0.03430079155672823 0.03562005277044855 0.03562005277044855 0.03562005277044855 0.03562005277044855 
0.0 0.0 0.0 0.0 0.0 0.0 0.0 0.0 0.0 0.0 0.0 0.0 0.0 0.0 
0.0 0.0 0.0 0.0 0.0 0.0 0.0 0.0 0.0 0.0 0.0 0.0 0.0 0.0 
0.002638522427440633 0.006596306068601583 0.0079155672823219 0.0079155672823219 0.0079155672823219 0.0079155672823219 0.0079155672823219 0.0079155672823219 0.0079155672823219 0.0079155672823219 0.010554089709762533 0.010554089709762533 0.010554089709762533 0.010554089709762533 
0.0 0.0 0.0 0.0 0.0 0.0 0.0 0.0 0.0 0.0 0.0 0.0 0.0 0.0 
0.0 0.0 0.0 0.0 0.0 0.0 0.0 0.0 0.0 0.0 0.0 0.0 0.0 0.0 
0.005277044854881266 0.013192612137203167 0.013192612137203167 0.013192612137203167 0.013192612137203167 0.014511873350923483 0.014511873350923483 0.014511873350923483 0.014511873350923483 0.014511873350923483 0.014511873350923483 0.014511873350923483 0.014511873350923483 0.014511873350923483 
0.002638522427440633 0.005277044854881266 0.010554089709762533 0.011873350923482849 0.011873350923482849 0.013192612137203167 0.017150395778364115 0.01978891820580475 0.01978891820580475 0.01978891820580475 0.022427440633245383 0.022427440633245383 0.022427440633245383 0.022427440633245383 
0.052770448548812667 0.08575197889182058 0.10686015831134564 0.13852242744063326 0.14116094986807387 0.14116094986807387 0.14116094986807387 0.1437994722955145 0.14775725593667546 0.15435356200527706 0.15435356200527706 0.15435356200527706 0.158311345646438 0.16094986807387862 
0.0 0.0 0.0 0.0 0.0 0.0 0.0 0.0 0.0 0.0 0.0 0.0 0.0 0.0 
0.006596306068601583 0.009234828496042216 0.017150395778364115 0.025065963060686015 0.032981530343007916 0.032981530343007916 0.032981530343007916 0.03430079155672823 0.03430079155672823 0.03430079155672823 0.03430079155672823 0.03430079155672823 0.03430079155672823 0.03430079155672823 
0.0 0.0 0.0 0.0 0.0 0.0 0.0 0.0 0.0 0.0 0.0 0.0 0.0 0.0 
0.051451187335092345 0.08443271767810026 0.10026385224274406 0.12269129287598944 0.12269129287598944 0.14116094986807387 0.14775725593667546 0.1503957783641161 0.15963060686015831 0.15963060686015831 0.15963060686015831 0.15963060686015831 0.15963060686015831 0.16490765171503957 
0.005277044854881266 0.018469656992084433 0.01978891820580475 0.01978891820580475 0.021108179419525065 0.025065963060686015 0.025065963060686015 0.025065963060686015 0.025065963060686015 0.025065963060686015 0.025065963060686015 0.025065963060686015 0.026385224274406333 0.026385224274406333 
0.0 0.0 0.0013192612137203166 0.002638522427440633 0.00395778364116095 0.00395778364116095 0.00395778364116095 0.00395778364116095 0.00395778364116095 0.00395778364116095 0.00395778364116095 0.00395778364116095 0.00395778364116095 0.00395778364116095 
0.0 0.0 0.0 0.0 0.0 0.0 0.0 0.0 0.0 0.0 0.0 0.0 0.0 0.0 
0.0079155672823219 0.021108179419525065 0.021108179419525065 0.021108179419525065 0.021108179419525065 0.021108179419525065 0.021108179419525065 0.021108179419525065 0.021108179419525065 0.021108179419525065 0.022427440633245383 0.022427440633245383 0.022427440633245383 0.023746701846965697 
0.002638522427440633 0.009234828496042216 0.010554089709762533 0.010554089709762533 0.011873350923482849 0.0158311345646438 0.01978891820580475 0.01978891820580475 0.021108179419525065 0.021108179419525065 0.021108179419525065 0.021108179419525065 0.023746701846965697 0.023746701846965697 
0.0 0.0 0.0 0.0 0.0 0.0 0.0 0.0 0.0 0.0 0.0 0.0 0.0 0.0 
0.0 0.0 0.0013192612137203166 0.0013192612137203166 0.0013192612137203166 0.0013192612137203166 0.0013192612137203166 0.0013192612137203166 0.0013192612137203166 0.0013192612137203166 0.0013192612137203166 0.0013192612137203166 0.0013192612137203166 0.0013192612137203166 
0.0 0.0 0.0 0.0 0.0 0.0 0.0 0.0 0.0 0.0 0.0 0.0 0.0 0.0 
0.044854881266490766 0.09894459102902374 0.09894459102902374 0.09894459102902374 0.10158311345646438 0.10554089709762533 0.10554089709762533 0.12928759894459102 0.12928759894459102 0.12928759894459102 0.13060686015831136 0.13060686015831136 0.13060686015831136 0.13060686015831136 
0.002638522427440633 0.006596306068601583 0.006596306068601583 0.006596306068601583 0.0079155672823219 0.010554089709762533 0.011873350923482849 0.017150395778364115 0.018469656992084433 0.018469656992084433 0.01978891820580475 0.01978891820580475 0.01978891820580475 0.01978891820580475 
0.00395778364116095 0.010554089709762533 0.01978891820580475 0.022427440633245383 0.029023746701846966 0.0316622691292876 0.03430079155672823 0.03430079155672823 0.03430079155672823 0.03430079155672823 0.03562005277044855 0.03825857519788918 0.03825857519788918 0.03825857519788918 
0.002638522427440633 0.006596306068601583 0.009234828496042216 0.009234828496042216 0.010554089709762533 0.010554089709762533 0.010554089709762533 0.011873350923482849 0.011873350923482849 0.013192612137203167 0.013192612137203167 0.014511873350923483 0.014511873350923483 0.014511873350923483 
0.00395778364116095 0.006596306068601583 0.018469656992084433 0.01978891820580475 0.021108179419525065 0.021108179419525065 0.026385224274406333 0.027704485488126648 0.03562005277044855 0.03562005277044855 0.03562005277044855 0.044854881266490766 0.044854881266490766 0.044854881266490766 
0.00395778364116095 0.013192612137203167 0.023746701846965697 0.025065963060686015 0.025065963060686015 0.025065963060686015 0.027704485488126648 0.03825857519788918 0.0395778364116095 0.0395778364116095 0.0395778364116095 0.0395778364116095 0.040897097625329816 0.040897097625329816 
0.00395778364116095 0.00395778364116095 0.00395778364116095 0.00395778364116095 0.00395778364116095 0.005277044854881266 0.006596306068601583 0.006596306068601583 0.006596306068601583 0.0079155672823219 0.009234828496042216 0.011873350923482849 0.013192612137203167 0.013192612137203167 
0.05804749340369393 0.07387862796833773 0.09102902374670185 0.10026385224274406 0.10817941952506596 0.13192612137203166 0.1345646437994723 0.14907651715039577 0.1662269129287599 0.1662269129287599 0.16754617414248021 0.16886543535620052 0.16886543535620052 0.16886543535620052 
0.051451187335092345 0.10554089709762533 0.10554089709762533 0.11213720316622691 0.11213720316622691 0.11213720316622691 0.11213720316622691 0.11477572559366754 0.12005277044854881 0.12005277044854881 0.12005277044854881 0.1279683377308707 0.12928759894459102 0.12928759894459102 
0.0 0.0 0.0 0.0 0.0 0.0 0.0 0.0 0.0 0.0 0.0 0.0 0.0 0.0 
0.00395778364116095 0.006596306068601583 0.011873350923482849 0.011873350923482849 0.013192612137203167 0.017150395778364115 0.018469656992084433 0.018469656992084433 0.021108179419525065 0.021108179419525065 0.021108179419525065 0.021108179419525065 0.021108179419525065 0.021108179419525065 
0.0 0.0 0.0 0.0 0.0 0.0 0.0 0.0 0.0 0.0 0.0 0.0 0.0 0.0 
0.0 0.0 0.0013192612137203166 0.0013192612137203166 0.0013192612137203166 0.002638522427440633 0.002638522427440633 0.002638522427440633 0.00395778364116095 0.005277044854881266 0.005277044854881266 0.005277044854881266 0.006596306068601583 0.006596306068601583 
0.0 0.0 0.0 0.0 0.0 0.0 0.0 0.0 0.0 0.0 0.0 0.0 0.0 0.0 
0.0 0.0 0.0 0.0 0.0 0.0 0.0 0.0 0.0 0.0 0.0 0.0 0.0 0.0 
0.0013192612137203166 0.005277044854881266 0.010554089709762533 0.010554089709762533 0.013192612137203167 0.022427440633245383 0.022427440633245383 0.022427440633245383 0.023746701846965697 0.023746701846965697 0.023746701846965697 0.023746701846965697 0.023746701846965697 0.023746701846965697 
0.002638522427440633 0.006596306068601583 0.009234828496042216 0.010554089709762533 0.01978891820580475 0.01978891820580475 0.023746701846965697 0.025065963060686015 0.025065963060686015 0.026385224274406333 0.030343007915567283 0.030343007915567283 0.0316622691292876 0.0316622691292876 
0.00395778364116095 0.006596306068601583 0.010554089709762533 0.014511873350923483 0.0158311345646438 0.022427440633245383 0.022427440633245383 0.022427440633245383 0.022427440633245383 0.023746701846965697 0.032981530343007916 0.032981530343007916 0.032981530343007916 0.032981530343007916 
0.022427440633245383 0.044854881266490766 0.0712401055408971 0.12137203166226913 0.13324538258575197 0.14511873350923482 0.14643799472295516 0.14775725593667546 0.14775725593667546 0.1503957783641161 0.15303430079155672 0.15567282321899736 0.15567282321899736 0.15567282321899736 
0.0 0.0 0.0 0.0 0.0 0.0 0.0 0.0 0.0 0.0 0.0 0.0 0.0 0.0 
0.05013192612137203 0.05804749340369393 0.0633245382585752 0.07783641160949868 0.08311345646437995 0.08839050131926121 0.08970976253298153 0.09498680738786279 0.10422163588390501 0.10686015831134564 0.11081794195250659 0.11609498680738786 0.1503957783641161 0.1662269129287599 
0.051451187335092345 0.10554089709762533 0.13720316622691292 0.13720316622691292 0.13720316622691292 0.13720316622691292 0.13720316622691292 0.13720316622691292 0.13720316622691292 0.13852242744063326 0.13984168865435356 0.13984168865435356 0.14116094986807387 0.14511873350923482 
0.0 0.0 0.0 0.0 0.0 0.0 0.0 0.0 0.0 0.0 0.0 0.0 0.0 0.0 
0.0 0.0 0.0 0.0 0.0 0.0 0.0 0.0 0.0 0.0 0.0 0.0 0.0 0.0 
0.00395778364116095 0.006596306068601583 0.006596306068601583 0.009234828496042216 0.009234828496042216 0.010554089709762533 0.013192612137203167 0.014511873350923483 0.018469656992084433 0.021108179419525065 0.021108179419525065 0.022427440633245383 0.022427440633245383 0.023746701846965697 
0.005277044854881266 0.010554089709762533 0.011873350923482849 0.013192612137203167 0.014511873350923483 0.014511873350923483 0.014511873350923483 0.014511873350923483 0.014511873350923483 0.014511873350923483 0.014511873350923483 0.014511873350923483 0.014511873350923483 0.014511873350923483 
0.0 0.0 0.0 0.0 0.0 0.0 0.0 0.0 0.0 0.0 0.0 0.0 0.0 0.0 
0.0 0.0 0.002638522427440633 0.002638522427440633 0.002638522427440633 0.002638522427440633 0.002638522427440633 0.002638522427440633 0.002638522427440633 0.002638522427440633 0.002638522427440633 0.002638522427440633 0.00395778364116095 0.00395778364116095 
0.0 0.0 0.0 0.0 0.0 0.0 0.0 0.0 0.0 0.0 0.0 0.0 0.0 0.0 
0.0 0.0 0.0 0.0 0.0 0.0 0.0 0.0 0.0 0.0 0.0 0.0 0.0 0.0 
0.0 0.0 0.0 0.0 0.0 0.0 0.0 0.0 0.0 0.0 0.0 0.0 0.0 0.0 
0.0 0.0 0.0 0.0 0.0 0.0 0.0 0.0 0.0 0.0 0.0 0.0 0.0 0.0 
0.0 0.0 0.0 0.0 0.0 0.0 0.0 0.0 0.0 0.0 0.0 0.0 0.0 0.0 
0.0 0.0 0.0 0.0 0.0 0.0 0.0 0.0 0.0 0.0 0.0 0.0 0.0 0.0 
0.00395778364116095 0.0079155672823219 0.0079155672823219 0.0079155672823219 0.0079155672823219 0.0079155672823219 0.009234828496042216 0.010554089709762533 0.011873350923482849 0.011873350923482849 0.011873350923482849 0.011873350923482849 0.011873350923482849 0.011873350923482849 
0.0079155672823219 0.032981530343007916 0.0395778364116095 0.04353562005277045 0.06992084432717678 0.08839050131926121 0.08839050131926121 0.09894459102902374 0.09894459102902374 0.10026385224274406 0.10554089709762533 0.10554089709762533 0.10949868073878628 0.11477572559366754 
0.047493403693931395 0.055408970976253295 0.11213720316622691 0.12005277044854881 0.14511873350923482 0.14511873350923482 0.16358839050131926 0.1662269129287599 0.1662269129287599 0.1662269129287599 0.1662269129287599 0.17150395778364116 0.18337730870712401 0.18337730870712401 
0.005277044854881266 0.006596306068601583 0.009234828496042216 0.011873350923482849 0.013192612137203167 0.013192612137203167 0.013192612137203167 0.013192612137203167 0.017150395778364115 0.018469656992084433 0.01978891820580475 0.021108179419525065 0.021108179419525065 0.021108179419525065 
0.051451187335092345 0.10554089709762533 0.11609498680738786 0.11873350923482849 0.11873350923482849 0.1279683377308707 0.1358839050131926 0.14116094986807387 0.14116094986807387 0.14643799472295516 0.14907651715039577 0.14907651715039577 0.16094986807387862 0.16094986807387862 
0.0 0.0 0.0 0.0 0.0 0.0 0.0 0.0 0.0 0.0 0.0 0.0 0.0 0.0 
0.0 0.0 0.0 0.0 0.0 0.0 0.0 0.0 0.0 0.0 0.0 0.0 0.0 0.0 
0.0 0.0 0.0 0.0 0.0 0.0 0.0 0.0 0.0 0.0 0.0 0.0 0.0 0.0 
0.0 0.0 0.0 0.0 0.0 0.0 0.0 0.0 0.0 0.0 0.0013192612137203166 0.0013192612137203166 0.0013192612137203166 0.0013192612137203166 
0.0 0.0 0.0 0.0 0.0 0.0 0.0 0.0 0.0 0.0 0.0 0.0 0.0 0.0 
0.0 0.0 0.0 0.0 0.0 0.0 0.0 0.0 0.0 0.0 0.0 0.0 0.0 0.0 
0.00395778364116095 0.013192612137203167 0.013192612137203167 0.013192612137203167 0.023746701846965697 0.023746701846965697 0.023746701846965697 0.029023746701846966 0.030343007915567283 0.030343007915567283 0.0316622691292876 0.0316622691292876 0.0316622691292876 0.032981530343007916 
0.04353562005277045 0.09762532981530343 0.09762532981530343 0.09762532981530343 0.10026385224274406 0.10158311345646438 0.10686015831134564 0.11213720316622691 0.11213720316622691 0.11345646437994723 0.13192612137203166 0.13324538258575197 0.13324538258575197 0.13324538258575197 
0.0 0.0 0.0 0.0 0.0 0.0 0.0 0.0 0.0 0.0 0.0 0.0 0.0 0.0 
0.002638522427440633 0.002638522427440633 0.00395778364116095 0.005277044854881266 0.006596306068601583 0.006596306068601583 0.006596306068601583 0.006596306068601583 0.006596306068601583 0.006596306068601583 0.006596306068601583 0.006596306068601583 0.006596306068601583 0.006596306068601583 
0.0 0.0 0.0 0.0 0.0 0.0 0.0 0.0 0.0 0.0 0.0 0.0 0.0013192612137203166 0.0013192612137203166 
0.0 0.0 0.0 0.0 0.0 0.0 0.0 0.0 0.0 0.0 0.0 0.0 0.0 0.0 
0.002638522427440633 0.00395778364116095 0.0079155672823219 0.0079155672823219 0.0079155672823219 0.0079155672823219 0.0079155672823219 0.0079155672823219 0.0079155672823219 0.0079155672823219 0.0079155672823219 0.0079155672823219 0.0079155672823219 0.0079155672823219 
0.0 0.0 0.0 0.0 0.0 0.0 0.0 0.0 0.0 0.0 0.0 0.0 0.0 0.0 
0.002638522427440633 0.0079155672823219 0.011873350923482849 0.011873350923482849 0.011873350923482849 0.013192612137203167 0.013192612137203167 0.013192612137203167 0.013192612137203167 0.013192612137203167 0.013192612137203167 0.013192612137203167 0.013192612137203167 0.013192612137203167 
0.0 0.0 0.0 0.0 0.0 0.0 0.0 0.0 0.0 0.0 0.0 0.0 0.0 0.0013192612137203166 
