0.008620689655172414 0.005319148936170213 0.0051813471502590676 0.005235602094240838 0.005235602094240838 0.007042253521126761 0.007042253521126761 0.007042253521126761 0.007042253521126761 0.007042253521126761 0.007042253521126761 0.007042253521126761 0.007042253521126761 0.007042253521126761 
0.17592592592592593 0.13372093023255813 0.13372093023255813 0.115 0.115 0.115 0.115 0.115 0.115 0.115 0.115 0.115 0.12440191387559808 0.12440191387559808 
0.015384615384615385 0.0 0.011363636363636364 0.016129032258064516 0.016129032258064516 0.015384615384615385 0.024096385542168676 0.01282051282051282 0.023668639053254437 0.029940119760479042 0.01818181818181818 0.01818181818181818 0.018292682926829267 0.018292682926829267 
0.6 0.21818181818181817 0.21818181818181817 0.21818181818181817 0.21818181818181817 0.21818181818181817 0.21818181818181817 0.21818181818181817 0.21818181818181817 0.21818181818181817 0.21818181818181817 0.21818181818181817 0.21818181818181817 0.21818181818181817 
0.0 0.0 0.0 0.0 0.0 0.0 0.0 0.0 0.0 0.0 0.0 0.0 0.0 0.0 
0.015873015873015872 0.023391812865497075 0.023391812865497075 0.023391812865497075 0.023391812865497075 0.023391812865497075 0.023391812865497075 0.023391812865497075 0.023391812865497075 0.023391812865497075 0.023391812865497075 0.023391812865497075 0.023391812865497075 0.023391812865497075 
0.02608695652173913 0.004329004329004329 0.004329004329004329 0.004329004329004329 0.004329004329004329 0.004329004329004329 0.004329004329004329 0.004329004329004329 0.004329004329004329 0.004329004329004329 0.004329004329004329 0.004329004329004329 0.004329004329004329 0.004329004329004329 
0.09322033898305085 0.08 0.09090909090909091 0.0891089108910891 0.0891089108910891 0.0891089108910891 0.08866995073891626 0.08737864077669903 0.08737864077669903 0.08737864077669903 0.08737864077669903 0.08737864077669903 0.08737864077669903 0.08737864077669903 
0.0 0.0 0.0 0.0 0.0 0.0 0.0 0.0 0.0 0.0 0.0 0.0 0.0 0.0 
0.025 0.033783783783783786 0.04242424242424243 0.04020100502512563 0.04020100502512563 0.04020100502512563 0.04020100502512563 0.04020100502512563 0.04020100502512563 0.04020100502512563 0.04020100502512563 0.04020100502512563 0.04020100502512563 0.04020100502512563 
0.009433962264150943 0.006369426751592357 0.006369426751592357 0.006369426751592357 0.006369426751592357 0.006369426751592357 0.006369426751592357 0.006369426751592357 0.006369426751592357 0.006369426751592357 0.006369426751592357 0.006369426751592357 0.006369426751592357 0.006369426751592357 
0.0 0.006756756756756757 0.006756756756756757 0.006711409395973154 0.006802721088435374 0.006802721088435374 0.006802721088435374 0.006802721088435374 0.006802721088435374 0.006802721088435374 0.006802721088435374 0.006802721088435374 0.006802721088435374 0.006802721088435374 
0.034782608695652174 0.005917159763313609 0.005917159763313609 0.005917159763313609 0.005917159763313609 0.005917159763313609 0.005917159763313609 0.005917159763313609 0.005917159763313609 0.005917159763313609 0.005917159763313609 0.005917159763313609 0.005917159763313609 0.005917159763313609 
0.0 0.0 0.0 0.0 0.0 0.0 0.0 0.0 0.0 0.0 0.0 0.0 0.0 0.0 
0.0 0.0051813471502590676 0.0051813471502590676 0.0051813471502590676 0.0051813471502590676 0.0051813471502590676 0.0051813471502590676 0.0051813471502590676 0.0051813471502590676 0.0051813471502590676 0.0051813471502590676 0.0051813471502590676 0.0051813471502590676 0.0051813471502590676 
0.025423728813559324 0.0051813471502590676 0.030534351145038167 0.030534351145038167 0.030534351145038167 0.030534351145038167 0.030534351145038167 0.030534351145038167 0.030534351145038167 0.030534351145038167 0.030534351145038167 0.030534351145038167 0.030534351145038167 0.030534351145038167 
0.6 0.532967032967033 0.532967032967033 0.532967032967033 0.532967032967033 0.532967032967033 0.532967032967033 0.532967032967033 0.532967032967033 0.532967032967033 0.532967032967033 0.532967032967033 0.532967032967033 0.532967032967033 
0.008130081300813009 0.008849557522123894 0.008849557522123894 0.008849557522123894 0.008849557522123894 0.008849557522123894 0.008849557522123894 0.008849557522123894 0.008849557522123894 0.008849557522123894 0.008849557522123894 0.008849557522123894 0.008849557522123894 0.008849557522123894 
0.0 0.0 0.0 0.0 0.0 0.0 0.0 0.0 0.0 0.0 0.0 0.0 0.0 0.0 
0.0 0.0 0.0 0.0 0.0 0.0 0.0 0.0 0.0 0.0 0.0 0.0 0.0 0.0 
0.0 0.004807692307692308 0.004807692307692308 0.004807692307692308 0.004807692307692308 0.004807692307692308 0.004807692307692308 0.004807692307692308 0.004807692307692308 0.004807692307692308 0.004807692307692308 0.004807692307692308 0.004807692307692308 0.004807692307692308 
0.015384615384615385 0.006578947368421052 0.006666666666666667 0.00641025641025641 0.00641025641025641 0.0064516129032258064 0.0064516129032258064 0.006289308176100629 0.006289308176100629 0.006211180124223602 0.006211180124223602 0.00625 0.00625 0.00625 
0.0125 0.006369426751592357 0.006369426751592357 0.012269938650306749 0.0064516129032258064 0.012987012987012988 0.006493506493506494 0.006493506493506494 0.006493506493506494 0.006493506493506494 0.006493506493506494 0.006666666666666667 0.006493506493506494 0.006493506493506494 
0.4326923076923077 0.32160804020100503 0.3170731707317073 0.3235294117647059 0.3113207547169811 0.3492063492063492 0.3492063492063492 0.33678756476683935 0.35106382978723405 0.35106382978723405 0.34196891191709844 0.3520408163265306 0.35384615384615387 0.35678391959798994 
0.319672131147541 0.11627906976744186 0.11299435028248588 0.11299435028248588 0.12777777777777777 0.15760869565217392 0.15168539325842698 0.15168539325842698 0.17647058823529413 0.27906976744186046 0.45544554455445546 0.45544554455445546 0.45544554455445546 0.45544554455445546 
0.0 0.005 0.005 0.005 0.005 0.005 0.005 0.005 0.005 0.005 0.005291005291005291 0.0 0.0 0.0 
0.0 0.0 0.0 0.0 0.0 0.0 0.0 0.0 0.0 0.0 0.0 0.0 0.0 0.0 
0.0 0.0 0.0 0.0 0.0 0.0 0.0 0.0 0.0 0.0 0.0 0.0 0.0 0.0 
0.0 0.0 0.0 0.0 0.0 0.0 0.0 0.0 0.0 0.0 0.0 0.0 0.0 0.0 
0.0 0.0 0.0 0.0 0.0 0.0 0.0 0.0 0.0 0.0 0.0 0.0 0.0 0.0 
0.009433962264150943 0.0 0.0 0.0 0.0 0.0 0.0 0.0 0.0 0.0 0.0 0.0 0.0 0.0 
0.5441176470588235 0.54375 0.54375 0.54375 0.54375 0.54375 0.5345911949685535 0.5398773006134969 0.5398773006134969 0.5398773006134969 0.5398773006134969 0.5337423312883436 0.5269461077844312 0.5269461077844312 
0.007936507936507936 0.010869565217391304 0.011235955056179775 0.011111111111111112 0.011111111111111112 0.011111111111111112 0.011111111111111112 0.011111111111111112 0.011111111111111112 0.011111111111111112 0.011111111111111112 0.011111111111111112 0.011111111111111112 0.011111111111111112 
0.0 0.0 0.0 0.0 0.0 0.0 0.0 0.0 0.0 0.0 0.0 0.0 0.0 0.0 
0.0 0.0 0.0 0.0 0.0 0.0 0.0 0.0 0.0 0.0 0.0 0.0 0.0 0.0 
0.018867924528301886 0.0 0.0 0.0 0.0 0.0 0.0 0.0 0.0 0.0 0.0 0.0 0.0 0.0 
0.01904761904761905 0.0196078431372549 0.03125 0.04 0.03296703296703297 0.03296703296703297 0.03296703296703297 0.03296703296703297 0.03296703296703297 0.03296703296703297 0.03296703296703297 0.03296703296703297 0.03296703296703297 0.03296703296703297 
0.0 0.004629629629629629 0.004545454545454545 0.004694835680751174 0.004694835680751174 0.004694835680751174 0.004694835680751174 0.004524886877828055 0.0044444444444444444 0.0045045045045045045 0.004545454545454545 0.004484304932735426 0.004608294930875576 0.004608294930875576 
0.0 0.0 0.0 0.0 0.0 0.0 0.0 0.0 0.0 0.0 0.0 0.0 0.0 0.0 
0.0 0.006024096385542169 0.006024096385542169 0.006134969325153374 0.006060606060606061 0.006060606060606061 0.006060606060606061 0.006060606060606061 0.006060606060606061 0.006060606060606061 0.006172839506172839 0.006172839506172839 0.006172839506172839 0.005847953216374269 
0.0 0.0 0.0 0.0 0.0 0.0 0.0 0.0 0.0 0.0 0.0 0.0 0.0 0.0 
0.0 0.0 0.0 0.0 0.0 0.0 0.0 0.0 0.0 0.0 0.0 0.0 0.0 0.0 
0.03389830508474576 0.025477707006369428 0.010582010582010581 0.010050251256281407 0.010050251256281407 0.005649717514124294 0.005681818181818182 0.005649717514124294 0.005649717514124294 0.005434782608695652 0.0053475935828877 0.01904761904761905 0.009345794392523364 0.009708737864077669 
0.024793388429752067 0.025 0.025 0.024193548387096774 0.024193548387096774 0.024193548387096774 0.024193548387096774 0.024193548387096774 0.024193548387096774 0.024193548387096774 0.024193548387096774 0.024193548387096774 0.024193548387096774 0.024193548387096774 
0.0 0.0 0.0 0.0 0.0 0.0 0.0 0.0 0.0 0.0 0.0 0.0 0.0 0.0 
0.5288461538461539 0.3443708609271523 0.3443708609271523 0.3443708609271523 0.3443708609271523 0.363013698630137 0.363013698630137 0.363013698630137 0.363013698630137 0.363013698630137 0.363013698630137 0.363013698630137 0.363013698630137 0.363013698630137 
0.020134228187919462 0.07920792079207921 0.08415841584158416 0.08415841584158416 0.08173076923076923 0.08173076923076923 0.06666666666666667 0.06666666666666667 0.06666666666666667 0.06666666666666667 0.06666666666666667 0.07317073170731707 0.07352941176470588 0.07352941176470588 
0.6 0.23618090452261306 0.23618090452261306 0.23618090452261306 0.25510204081632654 0.25510204081632654 0.25510204081632654 0.25510204081632654 0.25510204081632654 0.25510204081632654 0.25510204081632654 0.25510204081632654 0.25510204081632654 0.25510204081632654 
0.6 0.23618090452261306 0.23618090452261306 0.23618090452261306 0.2613065326633166 0.2613065326633166 0.2613065326633166 0.2613065326633166 0.2613065326633166 0.2613065326633166 0.2613065326633166 0.2613065326633166 0.2613065326633166 0.25870646766169153 
0.46551724137931033 0.49230769230769234 0.4896907216494845 0.5153061224489796 0.5153061224489796 0.5153061224489796 0.5153061224489796 0.5 0.5 0.5 0.5 0.5 0.5153061224489796 0.5153061224489796 
0.0 0.0 0.0 0.0 0.0 0.0 0.0 0.0 0.0 0.0 0.0 0.0 0.0 0.0 
0.6 0.2019704433497537 0.2653061224489796 0.26 0.26 0.3314917127071823 0.3314917127071823 0.34782608695652173 0.33689839572192515 0.3333333333333333 0.33507853403141363 0.44692737430167595 0.4673913043478261 0.3802083333333333 
0.08139534883720931 0.07650273224043716 0.05759162303664921 0.06806282722513089 0.06829268292682927 0.0425531914893617 0.05405405405405406 0.0330188679245283 0.038834951456310676 0.038834951456310676 0.0392156862745098 0.037914691943127965 0.03636363636363636 0.03636363636363636 
0.3582089552238806 0.5695364238410596 0.5857988165680473 0.4129353233830846 0.4380952380952381 0.4682926829268293 0.4306930693069307 0.4416243654822335 0.42574257425742573 0.4213197969543147 0.42346938775510207 0.43147208121827413 0.4365482233502538 0.3969849246231156 
0.0078125 0.0 0.0 0.0 0.012048192771084338 0.011627906976744186 0.024875621890547265 0.025510204081632654 0.03349282296650718 0.02926829268292683 0.02926829268292683 0.02912621359223301 0.02358490566037736 0.02304147465437788 
0.5288461538461539 0.14210526315789473 0.14507772020725387 0.14507772020725387 0.16161616161616163 0.1702127659574468 0.19607843137254902 0.18226600985221675 0.20098039215686275 0.10810810810810811 0.11818181818181818 0.16589861751152074 0.16589861751152074 0.06132075471698113 
0.46551724137931033 0.10884353741496598 0.10884353741496598 0.10884353741496598 0.15436241610738255 0.1643835616438356 0.18421052631578946 0.18421052631578946 0.2155688622754491 0.20689655172413793 0.20689655172413793 0.11688311688311688 0.12025316455696203 0.20454545454545456 
0.0 0.0 0.0 0.0 0.0 0.0 0.0 0.0 0.0 0.0 0.0 0.0 0.0 0.0 
0.009433962264150943 0.0 0.0 0.0 0.0 0.0 0.0 0.0 0.0 0.0 0.0 0.0 0.0 0.0 
0.025 0.02717391304347826 0.03314917127071823 0.03608247422680412 0.035897435897435895 0.036585365853658534 0.03636363636363636 0.047337278106508875 0.04819277108433735 0.04819277108433735 0.04375 0.03932584269662921 0.04371584699453552 0.04060913705583756 
0.5045045045045045 0.17391304347826086 0.17098445595854922 0.17391304347826086 0.17391304347826086 0.2019704433497537 0.20098039215686275 0.19523809523809524 0.17061611374407584 0.17289719626168223 0.1935483870967742 0.1917808219178082 0.1917808219178082 0.1935483870967742 
0.015384615384615385 0.0 0.02054794520547945 0.005952380952380952 0.015151515151515152 0.013605442176870748 0.0136986301369863 0.014705882352941176 0.014705882352941176 0.014285714285714285 0.014285714285714285 0.014285714285714285 0.006578947368421052 0.006493506493506494 
0.6 0.23979591836734693 0.29381443298969073 0.2731707317073171 0.2731707317073171 0.2561576354679803 0.265 0.27884615384615385 0.23148148148148148 0.28846153846153844 0.2727272727272727 0.35858585858585856 0.3736842105263158 0.46195652173913043 
0.018867924528301886 0.014084507042253521 0.013157894736842105 0.006711409395973154 0.006711409395973154 0.006211180124223602 0.0064516129032258064 0.0064516129032258064 0.00625 0.0 0.0 0.0 0.0 0.0 
0.0 0.047058823529411764 0.047058823529411764 0.013574660633484163 0.017241379310344827 0.016574585635359115 0.02197802197802198 0.022099447513812154 0.019230769230769232 0.018957345971563982 0.016304347826086956 0.015706806282722512 0.016042780748663103 0.015957446808510637 
0.6 0.2474747474747475 0.29743589743589743 0.29743589743589743 0.30808080808080807 0.3389830508474576 0.33519553072625696 0.34831460674157305 0.30917874396135264 0.33170731707317075 0.34 0.3487179487179487 0.3675675675675676 0.372972972972973 
0.5288461538461539 0.31216931216931215 0.31216931216931215 0.31216931216931215 0.34782608695652173 0.3442622950819672 0.39664804469273746 0.39664804469273746 0.39344262295081966 0.34210526315789475 0.34375 0.3520408163265306 0.3687150837988827 0.38764044943820225 
0.025423728813559324 0.02027027027027027 0.005780346820809248 0.005988023952095809 0.005988023952095809 0.00625 0.006024096385542169 0.006024096385542169 0.005747126436781609 0.005681818181818182 0.0055248618784530384 0.00558659217877095 0.0091324200913242 0.0091324200913242 
0.576271186440678 0.25405405405405407 0.29743589743589743 0.30612244897959184 0.2879581151832461 0.28421052631578947 0.2831858407079646 0.3877551020408163 0.3910891089108911 0.3872549019607843 0.37623762376237624 0.40816326530612246 0.4105263157894737 0.4126984126984127 
0.0 0.0 0.0 0.0 0.0 0.0 0.0 0.0 0.0 0.0 0.0 0.0 0.0 0.0 
0.008264462809917356 0.0051813471502590676 0.0051813471502590676 0.009950248756218905 0.009852216748768473 0.01015228426395939 0.010526315789473684 0.010526315789473684 0.010526315789473684 0.010526315789473684 0.01020408163265306 0.010416666666666666 0.010471204188481676 0.010362694300518135 
0.4954954954954955 0.49230769230769234 0.494949494949495 0.49489795918367346 0.49743589743589745 0.5177664974619289 0.5024630541871922 0.5024390243902439 0.49029126213592233 0.49029126213592233 0.49019607843137253 0.48792270531400966 0.48792270531400966 0.48792270531400966 
0.46153846153846156 0.49230769230769234 0.49230769230769234 0.5208333333333334 0.5238095238095238 0.5238095238095238 0.5129533678756477 0.5235602094240838 0.543010752688172 0.5287958115183246 0.5384615384615384 0.5384615384615384 0.5384615384615384 0.5384615384615384 
0.5673076923076923 0.19662921348314608 0.19672131147540983 0.2358974358974359 0.25773195876288657 0.25773195876288657 0.25773195876288657 0.2727272727272727 0.29797979797979796 0.3430232558139535 0.5029585798816568 0.5029585798816568 0.5029585798816568 0.5029585798816568 
0.0 0.0 0.0 0.0 0.0 0.0 0.0 0.0 0.0 0.0 0.0 0.0 0.0 0.0 
0.025 0.03424657534246575 0.03773584905660377 0.0379746835443038 0.03076923076923077 0.029850746268656716 0.03225806451612903 0.03125 0.023809523809523808 0.023809523809523808 0.024390243902439025 0.028708133971291867 0.02336448598130841 0.02336448598130841 
0.008264462809917356 0.005291005291005291 0.005208333333333333 0.0053475935828877 0.0053475935828877 0.0111731843575419 0.011049723756906077 0.009478672985781991 0.009345794392523364 0.009345794392523364 0.009345794392523364 0.009950248756218905 0.009852216748768473 0.00980392156862745 
0.008333333333333333 0.0 0.0 0.0 0.0 0.0 0.0 0.0 0.0 0.0 0.0 0.0 0.0 0.0 
0.5833333333333334 0.2613065326633166 0.37058823529411766 0.3780487804878049 0.35185185185185186 0.35185185185185186 0.37575757575757573 0.37888198757763975 0.2727272727272727 0.27941176470588236 0.26288659793814434 0.26288659793814434 0.2653061224489796 0.3051643192488263 
0.0 0.0 0.0 0.0 0.0 0.0 0.0 0.0 0.0 0.0 0.0 0.0 0.0 0.0 
0.46153846153846156 0.5333333333333333 0.5333333333333333 0.5397727272727273 0.5053763440860215 0.5135135135135135 0.5135135135135135 0.518324607329843 0.5271739130434783 0.5408163265306123 0.5384615384615384 0.5384615384615384 0.5384615384615384 0.5638297872340425 
0.00909090909090909 0.005988023952095809 0.010050251256281407 0.005291005291005291 0.005649717514124294 0.005714285714285714 0.006024096385542169 0.006134969325153374 0.005649717514124294 0.00558659217877095 0.005714285714285714 0.005681818181818182 0.005988023952095809 0.005988023952095809 
0.0 0.0 0.0 0.0 0.0 0.0 0.0 0.0 0.0 0.0 0.0 0.006097560975609756 0.0 0.0 
0.0125 0.011904761904761904 0.012987012987012988 0.013245033112582781 0.013071895424836602 0.007194244604316547 0.007575757575757576 0.00819672131147541 0.008333333333333333 0.008771929824561403 0.01680672268907563 0.015625 0.015873015873015872 0.015151515151515152 
0.0 0.0 0.0 0.0 0.0 0.0 0.0 0.0 0.0 0.0 0.0 0.0 0.0 0.0 
0.008771929824561403 0.0223463687150838 0.0546448087431694 0.02247191011235955 0.029411764705882353 0.03676470588235294 0.03731343283582089 0.04132231404958678 0.03731343283582089 0.0423728813559322 0.03875968992248062 0.03676470588235294 0.037037037037037035 0.0364963503649635 
0.5288461538461539 0.31216931216931215 0.31216931216931215 0.34210526315789475 0.3404255319148936 0.3617021276595745 0.38181818181818183 0.38414634146341464 0.3352941176470588 0.3430232558139535 0.3508771929824561 0.3532934131736527 0.3532934131736527 0.36477987421383645 
0.04950495049504951 0.027932960893854747 0.027777777777777776 0.027624309392265192 0.0335195530726257 0.02857142857142857 0.02564102564102564 0.024096385542168676 0.024096385542168676 0.021897810218978103 0.014705882352941176 0.0070921985815602835 0.015267175572519083 0.007874015748031496 
0.023076923076923078 0.011834319526627219 0.011764705882352941 0.011560693641618497 0.017964071856287425 0.024691358024691357 0.024691358024691357 0.017241379310344827 0.007462686567164179 0.020689655172413793 0.014184397163120567 0.014814814814814815 0.014388489208633094 0.0072992700729927005 
0.46938775510204084 0.5 0.5 0.5051546391752577 0.5051546391752577 0.5051546391752577 0.5125628140703518 0.538860103626943 0.5276381909547738 0.5221674876847291 0.5221674876847291 0.5221674876847291 0.5221674876847291 0.5221674876847291 
0.0 0.0 0.0 0.0 0.0 0.0 0.0 0.0 0.0 0.0 0.0 0.0 0.0 0.0 
0.025 0.02510460251046025 0.0273972602739726 0.028037383177570093 0.028037383177570093 0.022935779816513763 0.022935779816513763 0.026737967914438502 0.02358490566037736 0.02358490566037736 0.02252252252252252 0.02262443438914027 0.022727272727272728 0.022727272727272728 
0.029411764705882353 0.032467532467532464 0.03571428571428571 0.03571428571428571 0.03571428571428571 0.03418803418803419 0.03937007874015748 0.03937007874015748 0.03937007874015748 0.03759398496240601 0.04 0.04 0.03333333333333333 0.032467532467532464 
0.0 0.012422360248447204 0.006896551724137931 0.011764705882352941 0.011764705882352941 0.011494252873563218 0.0106951871657754 0.010638297872340425 0.010810810810810811 0.012048192771084338 0.012048192771084338 0.0111731843575419 0.0106951871657754 0.011627906976744186 
0.0 0.0 0.0 0.00641025641025641 0.006802721088435374 0.0 0.0 0.0 0.0 0.0 0.0 0.0 0.0 0.0 
0.0 0.0 0.0 0.0 0.0 0.0 0.0 0.0 0.0 0.0 0.0 0.0 0.0 0.0 
0.025 0.023148148148148147 0.025974025974025976 0.029661016949152543 0.029661016949152543 0.034934497816593885 0.034934497816593885 0.0365296803652968 0.029535864978902954 0.023166023166023165 0.025089605734767026 0.023076923076923078 0.023715415019762844 0.023715415019762844 
0.0 0.0 0.0 0.0 0.0 0.0 0.0 0.0 0.0 0.0 0.0 0.0 0.0 0.0 
0.46551724137931033 0.1342281879194631 0.2064516129032258 0.2064516129032258 0.21739130434782608 0.21212121212121213 0.22699386503067484 0.2289156626506024 0.23976608187134502 0.23295454545454544 0.22485207100591717 0.22485207100591717 0.26285714285714284 0.2994350282485876 
0.008264462809917356 0.008333333333333333 0.008333333333333333 0.008333333333333333 0.008333333333333333 0.008 0.008 0.00819672131147541 0.00819672131147541 0.00819672131147541 0.008130081300813009 0.005434782608695652 0.005434782608695652 0.005434782608695652 
0.024793388429752067 0.005813953488372093 0.006024096385542169 0.00546448087431694 0.03389830508474576 0.03389830508474576 0.03333333333333333 0.03418803418803419 0.03278688524590164 0.027586206896551724 0.017142857142857144 0.017241379310344827 0.024691358024691357 0.024539877300613498 
0.0 0.0 0.0 0.0 0.0 0.0 0.0 0.0 0.0 0.0 0.0 0.0 0.0 0.0 
0.00847457627118644 0.0 0.0 0.0 0.0 0.0 0.0 0.0 0.004329004329004329 0.004366812227074236 0.004201680672268907 0.0 0.0 0.0 
0.0 0.0 0.0 0.0 0.0 0.0 0.0 0.0 0.0 0.0 0.0 0.0 0.0 0.0 
0.009433962264150943 0.0 0.0 0.0 0.0 0.0 0.0 0.006329113924050633 0.006329113924050633 0.006329113924050633 0.006329113924050633 0.006211180124223602 0.006211180124223602 0.005747126436781609 
0.0 0.0 0.0 0.0 0.0 0.0 0.0 0.0 0.0 0.0 0.0 0.0 0.0 0.0 
0.46153846153846156 0.04 0.0547945205479452 0.06956521739130435 0.056768558951965066 0.2879581151832461 0.27 0.2669902912621359 0.5257142857142857 0.5243243243243243 0.5291005291005291 0.5151515151515151 0.517948717948718 0.5291005291005291 
0.0 0.004484304932735426 0.004310344827586207 0.00411522633744856 0.004310344827586207 0.004310344827586207 0.004608294930875576 0.0038461538461538464 0.0 0.0 0.0 0.0 0.0 0.004694835680751174 
0.3048780487804878 0.11229946524064172 0.11235955056179775 0.0972972972972973 0.1724137931034483 0.1642512077294686 0.16355140186915887 0.16055045871559634 0.1693121693121693 0.1693121693121693 0.2328042328042328 0.34299516908212563 0.3526570048309179 0.4587628865979381 
0.0 0.0 0.0 0.0 0.0 0.0 0.0 0.0 0.0 0.0 0.0 0.0 0.0 0.0 
0.6 0.4927536231884058 0.4927536231884058 0.5 0.49514563106796117 0.49514563106796117 0.49514563106796117 0.49760765550239233 0.49760765550239233 0.4950980392156863 0.4950980392156863 0.4950980392156863 0.5048543689320388 0.5048543689320388 
0.007462686567164179 0.0 0.005319148936170213 0.005434782608695652 0.006134969325153374 0.0 0.0 0.0058823529411764705 0.006622516556291391 0.006666666666666667 0.006711409395973154 0.006756756756756757 0.006756756756756757 0.006622516556291391 
0.3048780487804878 0.4537037037037037 0.502283105022831 0.4863636363636364 0.46634615384615385 0.46634615384615385 0.4880382775119617 0.4857142857142857 0.4857142857142857 0.4881516587677725 0.4881516587677725 0.4881516587677725 0.4881516587677725 0.4881516587677725 
0.00847457627118644 0.004672897196261682 0.004629629629629629 0.004694835680751174 0.004098360655737705 0.003952569169960474 0.003952569169960474 0.004975124378109453 0.0049261083743842365 0.004830917874396135 0.004739336492890996 0.004739336492890996 0.004739336492890996 0.005291005291005291 
0.5045045045045045 0.14792899408284024 0.15976331360946747 0.17307692307692307 0.18238993710691823 0.20606060606060606 0.25157232704402516 0.2568306010928962 0.23783783783783785 0.23626373626373626 0.2564102564102564 0.2712765957446808 0.28717948717948716 0.3689839572192513 
0.6195652173913043 0.48756218905472637 0.5 0.5024875621890548 0.5074626865671642 0.5073170731707317 0.5073170731707317 0.52 0.52 0.51010101010101 0.5219512195121951 0.5024154589371981 0.5024154589371981 0.5024390243902439 
0.0 0.0 0.0 0.0 0.0 0.005235602094240838 0.005235602094240838 0.0055248618784530384 0.006024096385542169 0.006024096385542169 0.005681818181818182 0.00546448087431694 0.005434782608695652 0.005434782608695652 
0.0 0.0 0.0 0.0 0.0 0.0 0.0 0.0 0.0 0.0 0.0 0.0 0.0 0.0 
0.6 0.31216931216931215 0.3010204081632653 0.3888888888888889 0.41818181818181815 0.2774869109947644 0.30808080808080807 0.35751295336787564 0.4514285714285714 0.49162011173184356 0.43956043956043955 0.43820224719101125 0.40437158469945356 0.4057142857142857 
0.0 0.004424778761061947 0.004219409282700422 0.0 0.0 0.0 0.0 0.0 0.0 0.0 0.0 0.0 0.004672897196261682 0.004608294930875576 
0.025 0.024539877300613498 0.026455026455026454 0.02531645569620253 0.023923444976076555 0.02262443438914027 0.022321428571428572 0.021739130434782608 0.021739130434782608 0.021739130434782608 0.015384615384615385 0.015625 0.01507537688442211 0.01507537688442211 
0.018867924528301886 0.025423728813559324 0.025423728813559324 0.025423728813559324 0.024 0.024 0.024 0.024 0.024 0.024 0.024193548387096774 0.024193548387096774 0.024193548387096774 0.022900763358778626 
0.0 0.0 0.0 0.0 0.0 0.0 0.0 0.0 0.0 0.0 0.0 0.0 0.0 0.0 
0.05785123966942149 0.05063291139240506 0.05194805194805195 0.05194805194805195 0.047337278106508875 0.048484848484848485 0.05 0.04938271604938271 0.05232558139534884 0.05232558139534884 0.05357142857142857 0.05357142857142857 0.049079754601226995 0.047619047619047616 
0.17592592592592593 0.2422907488986784 0.2409090909090909 0.2878787878787879 0.21777777777777776 0.2523809523809524 0.24761904761904763 0.24528301886792453 0.2835820895522388 0.2857142857142857 0.2864583333333333 0.2864583333333333 0.30569948186528495 0.3147208121827411 
0.008333333333333333 0.008264462809917356 0.006896551724137931 0.004901960784313725 0.005555555555555556 0.00558659217877095 0.00558659217877095 0.00558659217877095 0.00558659217877095 0.005714285714285714 0.005235602094240838 0.005235602094240838 0.0048543689320388345 0.005 
0.0 0.0 0.0 0.0 0.0 0.0 0.0 0.0 0.0 0.0 0.0 0.0 0.0 0.0 
0.33088235294117646 0.15760869565217392 0.1712707182320442 0.1712707182320442 0.1893491124260355 0.1907514450867052 0.192090395480226 0.24725274725274726 0.25 0.25316455696202533 0.2830188679245283 0.2830188679245283 0.2802547770700637 0.4120603015075377 
0.0 0.0 0.0 0.0 0.0 0.0 0.0 0.0 0.0 0.0 0.0 0.0 0.0 0.0 
0.4580152671755725 0.26732673267326734 0.3384615384615385 0.32653061224489793 0.3383084577114428 0.36318407960199006 0.36787564766839376 0.36787564766839376 0.3802083333333333 0.39487179487179486 0.3917525773195876 0.3605769230769231 0.39 0.39215686274509803 
0.018867924528301886 0.008849557522123894 0.013452914798206279 0.0049261083743842365 0.0045045045045045045 0.004273504273504274 0.004545454545454545 0.004545454545454545 0.004484304932735426 0.005813953488372093 0.005813953488372093 0.005714285714285714 0.005714285714285714 0.005714285714285714 
0.39669421487603307 0.49261083743842365 0.49261083743842365 0.49261083743842365 0.49514563106796117 0.49514563106796117 0.49514563106796117 0.5074626865671642 0.5074626865671642 0.5074626865671642 0.5074626865671642 0.5074626865671642 0.5095238095238095 0.5095238095238095 
0.0 0.0 0.0 0.0 0.0 0.0 0.0 0.0 0.0 0.0 0.0 0.0 0.0 0.0 
0.00847457627118644 0.0 0.0 0.0 0.0 0.0 0.0 0.0 0.0 0.0 0.0 0.0 0.0 0.0 
0.6195652173913043 0.2571428571428571 0.2570093457943925 0.27419354838709675 0.39267015706806285 0.4861111111111111 0.3935483870967742 0.23404255319148937 0.24087591240875914 0.23448275862068965 0.24087591240875914 0.24087591240875914 0.23703703703703705 0.23357664233576642 
0.018867924528301886 0.0 0.0 0.0 0.0 0.0 0.0070921985815602835 0.0 0.0 0.0 0.0 0.006134969325153374 0.006134969325153374 0.006134969325153374 
0.0 0.0 0.0 0.0 0.0 0.0 0.0 0.0 0.0 0.0 0.0 0.0 0.0 0.0 
0.015384615384615385 0.0375 0.024390243902439025 0.012903225806451613 0.012903225806451613 0.0 0.006993006993006993 0.006622516556291391 0.006622516556291391 0.006493506493506494 0.006896551724137931 0.006802721088435374 0.006802721088435374 0.006802721088435374 
0.0 0.0 0.0 0.0 0.0 0.0 0.005154639175257732 0.004901960784313725 0.004761904761904762 0.004739336492890996 0.004739336492890996 0.004830917874396135 0.004694835680751174 0.0045662100456621 
0.023076923076923078 0.037267080745341616 0.03608247422680412 0.025380710659898477 0.025380710659898477 0.03333333333333333 0.03314917127071823 0.04371584699453552 0.04712041884816754 0.04639175257731959 0.05102040816326531 0.035897435897435895 0.035897435897435895 0.03553299492385787 
0.43089430894308944 0.205 0.24864864864864866 0.23404255319148937 0.2692307692307692 0.28426395939086296 0.31216931216931215 0.30927835051546393 0.33157894736842103 0.30726256983240224 0.30726256983240224 0.3128205128205128 0.3128205128205128 0.34806629834254144 
0.029411764705882353 0.010638297872340425 0.010869565217391304 0.011111111111111112 0.0058823529411764705 0.005714285714285714 0.005813953488372093 0.005952380952380952 0.0 0.0 0.0 0.0 0.0 0.0 
0.0 0.0 0.0 0.0 0.0 0.0 0.0 0.0 0.0 0.0 0.0 0.0 0.0 0.0 
0.015384615384615385 0.02617801047120419 0.03773584905660377 0.036585365853658534 0.036585365853658534 0.024844720496894408 0.025806451612903226 0.025806451612903226 0.011494252873563218 0.011494252873563218 0.011363636363636364 0.012048192771084338 0.028735632183908046 0.02857142857142857 
0.0 0.0 0.0 0.0 0.0 0.0 0.0 0.0 0.0 0.0 0.0 0.0 0.0 0.0 
0.009433962264150943 0.008333333333333333 0.00847457627118644 0.00847457627118644 0.00847457627118644 0.0072992700729927005 0.0072992700729927005 0.0072992700729927005 0.0078125 0.007518796992481203 0.007352941176470588 0.007246376811594203 0.007194244604316547 0.007042253521126761 
0.0 0.0 0.0 0.0 0.0 0.0 0.007633587786259542 0.007633587786259542 0.007575757575757576 0.007575757575757576 0.007575757575757576 0.007462686567164179 0.007194244604316547 0.007407407407407408 
0.009433962264150943 0.0 0.0 0.0 0.0 0.0 0.0 0.0 0.0 0.0 0.0 0.0 0.0 0.0 
0.0 0.0 0.0 0.0 0.005208333333333333 0.0 0.0 0.0 0.0 0.0 0.0 0.0 0.0 0.0 
0.0 0.0 0.0 0.0 0.0 0.0 0.0 0.0 0.0 0.0 0.0 0.0 0.0 0.0 
0.015384615384615385 0.01935483870967742 0.005988023952095809 0.006172839506172839 0.024691358024691357 0.017543859649122806 0.01744186046511628 0.010869565217391304 0.011299435028248588 0.029069767441860465 0.03389830508474576 0.032467532467532464 0.018292682926829267 0.03067484662576687 
0.00847457627118644 0.0 0.0 0.0 0.0 0.0 0.0 0.0 0.0 0.0 0.0 0.0 0.0 0.0 
0.007936507936507936 0.011494252873563218 0.00546448087431694 0.016483516483516484 0.016574585635359115 0.016574585635359115 0.015625 0.011627906976744186 0.012658227848101266 0.012658227848101266 0.012658227848101266 0.013333333333333334 0.0136986301369863 0.011627906976744186 
0.00847457627118644 0.008333333333333333 0.016260162601626018 0.015503875968992248 0.015503875968992248 0.015748031496062992 0.008 0.016129032258064516 0.015151515151515152 0.015151515151515152 0.007575757575757576 0.00819672131147541 0.006896551724137931 0.006896551724137931 
0.0 0.0 0.0 0.0 0.0 0.0 0.0 0.0 0.0 0.0 0.0 0.0 0.0 0.0 
0.025 0.03305785123966942 0.02142857142857143 0.02112676056338028 0.02112676056338028 0.020689655172413793 0.020833333333333332 0.02 0.023809523809523808 0.021897810218978103 0.021897810218978103 0.022222222222222223 0.022222222222222223 0.022222222222222223 
0.025 0.03305785123966942 0.03389830508474576 0.031446540880503145 0.029940119760479042 0.03048780487804878 0.03870967741935484 0.0392156862745098 0.039473684210526314 0.03067484662576687 0.023391812865497075 0.018072289156626505 0.018072289156626505 0.043209876543209874 
0.6 0.2676767676767677 0.40853658536585363 0.43478260869565216 0.4294117647058823 0.5581395348837209 0.5260115606936416 0.5284090909090909 0.5722222222222222 0.5224719101123596 0.5625 0.5751295336787565 0.5751295336787565 0.5773195876288659 
0.43089430894308944 0.27638190954773867 0.3131868131868132 0.18309859154929578 0.19117647058823528 0.23134328358208955 0.23134328358208955 0.23134328358208955 0.2805755395683453 0.2867132867132867 0.3028169014084507 0.22981366459627328 0.23204419889502761 0.2537313432835821 
0.056074766355140186 0.018518518518518517 0.04032258064516129 0.03389830508474576 0.032520325203252036 0.05737704918032787 0.03676470588235294 0.04285714285714286 0.04225352112676056 0.0410958904109589 0.0410958904109589 0.028901734104046242 0.024509803921568627 0.023474178403755867 
0.0 0.0 0.0 0.0 0.0 0.0 0.0 0.0 0.0 0.0 0.0 0.0 0.0 0.0 
0.08139534883720931 0.041176470588235294 0.053475935828877004 0.014492753623188406 0.014705882352941176 0.031578947368421054 0.031578947368421054 0.031578947368421054 0.031578947368421054 0.09090909090909091 0.0892018779342723 0.0892018779342723 0.06372549019607843 0.065 
0.0078125 0.01948051948051948 0.019230769230769232 0.01744186046511628 0.01675977653631285 0.016853932584269662 0.006134969325153374 0.022988505747126436 0.01764705882352941 0.0053475935828877 0.005813953488372093 0.005649717514124294 0.016304347826086956 0.005376344086021506 
0.07547169811320754 0.018072289156626505 0.016129032258064516 0.02577319587628866 0.02577319587628866 0.0335195530726257 0.030927835051546393 0.03314917127071823 0.031914893617021274 0.026041666666666668 0.025906735751295335 0.04680851063829787 0.04680851063829787 0.018404907975460124 
0.07547169811320754 0.018072289156626505 0.029556650246305417 0.01098901098901099 0.01775147928994083 0.015544041450777202 0.014925373134328358 0.010256410256410256 0.011363636363636364 0.011363636363636364 0.011363636363636364 0.011363636363636364 0.01098901098901099 0.00558659217877095 
0.015384615384615385 0.02 0.031055900621118012 0.031055900621118012 0.031055900621118012 0.018292682926829267 0.03529411764705882 0.03409090909090909 0.031914893617021274 0.031914893617021274 0.031914893617021274 0.03015075376884422 0.03015075376884422 0.03680981595092025 
0.5241935483870968 0.06993006993006994 0.09523809523809523 0.09395973154362416 0.40119760479041916 0.4327485380116959 0.4971751412429379 0.5314285714285715 0.538860103626943 0.5497382198952879 0.5472636815920398 0.541871921182266 0.5862068965517241 0.6421568627450981 
0.025423728813559324 0.025 0.025423728813559324 0.025423728813559324 0.023622047244094488 0.023622047244094488 0.023809523809523808 0.023809523809523808 0.023809523809523808 0.025 0.025 0.025 0.02158273381294964 0.03067484662576687 
0.5045045045045045 0.16129032258064516 0.4153846153846154 0.28901734104046245 0.3259668508287293 0.31521739130434784 0.3401015228426396 0.33540372670807456 0.43575418994413406 0.3541666666666667 0.3711340206185567 0.3711340206185567 0.3684210526315789 0.3855421686746988 
0.0 0.0 0.0 0.0 0.0 0.0 0.0 0.0 0.0 0.0 0.0 0.0 0.0 0.0 
0.5288461538461539 0.4927536231884058 0.4927536231884058 0.5282051282051282 0.5124378109452736 0.5073170731707317 0.49019607843137253 0.5157894736842106 0.5157894736842106 0.4975609756097561 0.5692307692307692 0.5776699029126213 0.6019417475728155 0.6019417475728155 
0.0 0.0 0.0 0.0 0.0 0.0 0.0 0.0 0.0 0.006289308176100629 0.006172839506172839 0.0 0.0 0.0 
0.5288461538461539 0.06770833333333333 0.24170616113744076 0.2358490566037736 0.22274881516587677 0.215962441314554 0.3736842105263158 0.3763440860215054 0.3707865168539326 0.3743016759776536 0.398876404494382 0.398876404494382 0.40804597701149425 0.4838709677419355 
0.025 0.006578947368421052 0.03546099290780142 0.02564102564102564 0.023668639053254437 0.02564102564102564 0.0223463687150838 0.005813953488372093 0.023668639053254437 0.017341040462427744 0.017142857142857144 0.01775147928994083 0.03225806451612903 0.032432432432432434 
0.015384615384615385 0.026455026455026454 0.011976047904191617 0.01764705882352941 0.01764705882352941 0.01764705882352941 0.01875 0.017543859649122806 0.017964071856287425 0.03896103896103896 0.03164556962025317 0.03164556962025317 0.03164556962025317 0.019736842105263157 
0.0 0.005154639175257732 0.004048582995951417 0.004347826086956522 0.004016064257028112 0.004761904761904762 0.003816793893129771 0.0038022813688212928 0.003745318352059925 0.004132231404958678 0.004132231404958678 0.003937007874015748 0.0036363636363636364 0.0036900369003690036 
0.0 0.0 0.0 0.0 0.0 0.0 0.0 0.0 0.0 0.0 0.0 0.0 0.0 0.0 
0.009433962264150943 0.008333333333333333 0.00909090909090909 0.00909090909090909 0.00909090909090909 0.007352941176470588 0.0064516129032258064 0.0064516129032258064 0.012269938650306749 0.012269938650306749 0.011428571428571429 0.01092896174863388 0.011494252873563218 0.010638297872340425 
0.0 0.0 0.0 0.0 0.0 0.0 0.0 0.0 0.0 0.0 0.0 0.0 0.0 0.0 
0.46551724137931033 0.08053691275167785 0.4810126582278481 0.49101796407185627 0.49411764705882355 0.44565217391304346 0.44808743169398907 0.4388888888888889 0.4114583333333333 0.3989071038251366 0.3825136612021858 0.40625 0.42857142857142855 0.39080459770114945 
0.015384615384615385 0.0 0.02127659574468085 0.02197802197802198 0.021505376344086023 0.02127659574468085 0.02072538860103627 0.02072538860103627 0.010309278350515464 0.016042780748663103 0.016042780748663103 0.015306122448979591 0.011111111111111112 0.011111111111111112 
0.05042016806722689 0.026881720430107527 0.02030456852791878 0.03375527426160337 0.03361344537815126 0.040697674418604654 0.03825136612021858 0.03825136612021858 0.03260869565217391 0.0446927374301676 0.04878048780487805 0.04411764705882353 0.05263157894736842 0.023529411764705882 
0.007246376811594203 0.004329004329004329 0.005649717514124294 0.0051813471502590676 0.0045045045045045045 0.004694835680751174 0.004149377593360996 0.004081632653061225 0.0053475935828877 0.005376344086021506 0.005319148936170213 0.005319148936170213 0.005319148936170213 0.005319148936170213 
0.008333333333333333 0.0 0.004739336492890996 0.005076142131979695 0.0049261083743842365 0.004901960784313725 0.0 0.0 0.0 0.0 0.0 0.0 0.0 0.0 
0.0 0.034722222222222224 0.041666666666666664 0.041666666666666664 0.03571428571428571 0.03571428571428571 0.024390243902439025 0.024390243902439025 0.02564102564102564 0.018404907975460124 0.024390243902439025 0.025157232704402517 0.012658227848101266 0.017964071856287425 
0.0 0.0 0.0 0.006578947368421052 0.006024096385542169 0.0 0.0 0.0 0.013333333333333334 0.012903225806451613 0.006756756756756757 0.005917159763313609 0.00546448087431694 0.0056179775280898875 
0.5641025641025641 0.18181818181818182 0.25225225225225223 0.18571428571428572 0.19248826291079812 0.2019704433497537 0.3300970873786408 0.2922374429223744 0.3034188034188034 0.31343283582089554 0.29064039408866993 0.36633663366336633 0.35648148148148145 0.35585585585585583 
0.056074766355140186 0.03305785123966942 0.03278688524590164 0.061946902654867256 0.046875 0.046511627906976744 0.045454545454545456 0.03937007874015748 0.03787878787878788 0.03787878787878788 0.03787878787878788 0.032432432432432434 0.031914893617021274 0.027932960893854747 
0.011764705882352941 0.011904761904761904 0.009615384615384616 0.004672897196261682 0.009523809523809525 0.014150943396226415 0.014150943396226415 0.014150943396226415 0.013824884792626729 0.0091324200913242 0.013043478260869565 0.012875536480686695 0.016736401673640166 0.01195219123505976 
0.025423728813559324 0.02097902097902098 0.019704433497536946 0.015544041450777202 0.01507537688442211 0.0125 0.012448132780082987 0.012448132780082987 0.008771929824561403 0.01652892561983471 0.004545454545454545 0.006711409395973154 0.006535947712418301 0.011111111111111112 
0.01904761904761905 0.004291845493562232 0.004016064257028112 0.003952569169960474 0.00392156862745098 0.004807692307692308 0.00510204081632653 0.004784688995215311 0.005025125628140704 0.004329004329004329 0.0045045045045045045 0.0043859649122807015 0.004273504273504274 0.0041841004184100415 
0.17592592592592593 0.12790697674418605 0.12429378531073447 0.12571428571428572 0.1735159817351598 0.17050691244239632 0.25806451612903225 0.27702702702702703 0.2483221476510067 0.23648648648648649 0.23648648648648649 0.25 0.22377622377622378 0.22916666666666666 
0.576271186440678 0.11428571428571428 0.1464968152866242 0.2275132275132275 0.3548387096774194 0.3805309734513274 0.4631578947368421 0.547486033519553 0.4734042553191489 0.47701149425287354 0.4716981132075472 0.45294117647058824 0.4114583333333333 0.47701149425287354 
0.019417475728155338 0.0457516339869281 0.052083333333333336 0.08387096774193549 0.07792207792207792 0.087248322147651 0.07734806629834254 0.06593406593406594 0.06741573033707865 0.039735099337748346 0.02912621359223301 0.04830917874396135 0.04020100502512563 0.04020100502512563 
0.0 0.0 0.0 0.0 0.0 0.0 0.0 0.0 0.0 0.0 0.0 0.0 0.0 0.0 
0.0 0.0 0.0040650406504065045 0.004032258064516129 0.004405286343612335 0.004424778761061947 0.0049261083743842365 0.0049261083743842365 0.004830917874396135 0.0048543689320388345 0.004807692307692308 0.004366812227074236 0.004629629629629629 0.004629629629629629 
0.01904761904761905 0.02030456852791878 0.026041666666666668 0.02109704641350211 0.03875968992248062 0.02252252252252252 0.027522935779816515 0.027149321266968326 0.04504504504504504 0.04504504504504504 0.04824561403508772 0.05357142857142857 0.029411764705882353 0.033707865168539325 
0.00847457627118644 0.004651162790697674 0.004878048780487805 0.005291005291005291 0.004784688995215311 0.005128205128205128 0.004405286343612335 0.004219409282700422 0.004032258064516129 0.005 0.004694835680751174 0.004739336492890996 0.004629629629629629 0.004484304932735426 
0.029411764705882353 0.0663265306122449 0.07511737089201878 0.04680851063829787 0.05627705627705628 0.031088082901554404 0.03076923076923077 0.043859649122807015 0.0423728813559322 0.0425531914893617 0.040983606557377046 0.05172413793103448 0.05603448275862069 0.06048387096774194 
0.0 0.0 0.0 0.0 0.0 0.0 0.0 0.0 0.0 0.0 0.0 0.0 0.0 0.0 
0.6 0.49261083743842365 0.4803921568627451 0.4666666666666667 0.4642857142857143 0.4789473684210526 0.4789473684210526 0.472636815920398 0.472636815920398 0.4807692307692308 0.48095238095238096 0.4976303317535545 0.4951923076923077 0.4855769230769231 
0.0 0.0 0.0 0.0 0.0 0.0 0.0 0.0 0.0 0.0 0.0 0.0 0.0 0.0 
0.0 0.0 0.0 0.0 0.0 0.0 0.0 0.0 0.0 0.0 0.0 0.0 0.0 0.0 
0.0 0.0 0.0 0.0 0.0 0.0 0.0 0.0 0.0 0.0 0.0 0.0 0.0 0.0 
0.0 0.0 0.005025125628140704 0.005649717514124294 0.0 0.0 0.0 0.0 0.0 0.0 0.0049504950495049506 0.00980392156862745 0.0049261083743842365 0.0049504950495049506 
0.5544554455445545 0.12371134020618557 0.13478260869565217 0.12844036697247707 0.12093023255813953 0.10552763819095477 0.0975609756097561 0.11162790697674418 0.15555555555555556 0.08943089430894309 0.21929824561403508 0.22510822510822512 0.2109704641350211 0.21338912133891214 
0.00819672131147541 0.016129032258064516 0.02631578947368421 0.0 0.0 0.006097560975609756 0.005952380952380952 0.005917159763313609 0.013071895424836602 0.013605442176870748 0.006134969325153374 0.0 0.0058823529411764705 0.0 
0.008849557522123894 0.0 0.0072992700729927005 0.012345679012345678 0.010810810810810811 0.012269938650306749 0.011904761904761904 0.0111731843575419 0.0111731843575419 0.009708737864077669 0.0106951871657754 0.015706806282722512 0.015706806282722512 0.006097560975609756 
0.0 0.0064516129032258064 0.0 0.0 0.0 0.0 0.0 0.0 0.0 0.0 0.0 0.0 0.0 0.0 
0.0125 0.023391812865497075 0.02252252252252252 0.0189873417721519 0.019230769230769232 0.012658227848101266 0.0064516129032258064 0.0064516129032258064 0.006578947368421052 0.006802721088435374 0.006802721088435374 0.0 0.012195121951219513 0.012195121951219513 
0.08139534883720931 0.01775147928994083 0.017341040462427744 0.023809523809523808 0.03333333333333333 0.0365296803652968 0.03225806451612903 0.0380952380952381 0.04524886877828054 0.046948356807511735 0.041237113402061855 0.041237113402061855 0.038461538461538464 0.038834951456310676 
0.0 0.0 0.0 0.0 0.0 0.0 0.0 0.0 0.0 0.0 0.0 0.0 0.0 0.0 
0.0 0.0 0.0 0.0 0.0 0.010309278350515464 0.0 0.005494505494505495 0.005405405405405406 0.00558659217877095 0.0 0.0 0.0 0.0 
0.0 0.0 0.0 0.0 0.0 0.0 0.0 0.0 0.0 0.0 0.0 0.006134969325153374 0.005952380952380952 0.005988023952095809 
0.4326923076923077 0.3316062176165803 0.30687830687830686 0.5755813953488372 0.5755813953488372 0.4659090909090909 0.5531914893617021 0.5808383233532934 0.5872093023255814 0.5279187817258884 0.5358851674641149 0.47577092511013214 0.35 0.345679012345679 
0.0 0.0 0.0 0.0 0.0 0.0 0.0 0.0 0.0 0.0 0.0 0.0 0.0 0.0 
0.43089430894308944 0.49019607843137253 0.49504950495049505 0.47150259067357514 0.5 0.49038461538461536 0.6182795698924731 0.5804878048780487 0.6192660550458715 0.6150234741784038 0.5876288659793815 0.5876288659793815 0.5792079207920792 0.595 
0.08139534883720931 0.06282722513089005 0.07425742574257425 0.07772020725388601 0.0663265306122449 0.06593406593406594 0.06862745098039216 0.065 0.06806282722513089 0.06914893617021277 0.06914893617021277 0.06382978723404255 0.059782608695652176 0.06417112299465241 
0.0 0.0 0.0 0.0 0.0 0.0 0.0 0.0 0.0 0.0 0.0 0.0 0.0 0.0 
0.46551724137931033 0.4898989898989899 0.47549019607843135 0.49029126213592233 0.49029126213592233 0.49029126213592233 0.4951923076923077 0.4951923076923077 0.49760765550239233 0.53 0.5320197044334976 0.5742574257425742 0.5643564356435643 0.5023923444976076 
0.023076923076923078 0.019867549668874173 0.016574585635359115 0.016129032258064516 0.005681818181818182 0.006711409395973154 0.08284023668639054 0.07975460122699386 0.10285714285714286 0.09042553191489362 0.07547169811320754 0.06701030927835051 0.05699481865284974 0.06403940886699508 
0.09322033898305085 0.10683760683760683 0.07851239669421488 0.10121457489878542 0.08620689655172414 0.09411764705882353 0.10674157303370786 0.10674157303370786 0.10059171597633136 0.09826589595375723 0.10119047619047619 0.1 0.1 0.1 
0.01680672268907563 0.005025125628140704 0.00847457627118644 0.006024096385542169 0.011764705882352941 0.011494252873563218 0.011428571428571429 0.01098901098901099 0.0106951871657754 0.00975609756097561 0.005405405405405406 0.00625 0.006060606060606061 0.005847953216374269 
0.02586206896551724 0.02459016393442623 0.024 0.023076923076923078 0.02158273381294964 0.023255813953488372 0.02197802197802198 0.026041666666666668 0.02040816326530612 0.02040816326530612 0.022222222222222223 0.021621621621621623 0.021164021164021163 0.020202020202020204 
0.05263157894736842 0.06310679611650485 0.057971014492753624 0.06334841628959276 0.0748663101604278 0.07650273224043716 0.06557377049180328 0.047619047619047616 0.055944055944055944 0.016666666666666666 0.031746031746031744 0.03260869565217391 0.016666666666666666 0.016666666666666666 
0.0 0.0 0.0 0.0 0.0 0.0 0.0 0.0 0.0 0.0 0.0 0.0 0.0 0.0 
0.0 0.0 0.0 0.0 0.0 0.0 0.0 0.0 0.0 0.0 0.0 0.0 0.0 0.0 
0.015384615384615385 0.019867549668874173 0.026143790849673203 0.018867924528301886 0.018072289156626505 0.018292682926829267 0.0 0.0 0.0 0.0 0.012048192771084338 0.012048192771084338 0.006134969325153374 0.0 
0.0 0.0 0.0 0.0 0.0 0.0 0.0 0.0 0.0 0.0 0.0 0.0 0.0 0.0 
0.0 0.0 0.0 0.004629629629629629 0.0 0.0 0.0 0.004329004329004329 0.0041841004184100415 0.004424778761061947 0.0045662100456621 0.0045045045045045045 0.004464285714285714 0.0045045045045045045 
0.04395604395604396 0.04878048780487805 0.045 0.03626943005181347 0.03431372549019608 0.04 0.03546099290780142 0.03546099290780142 0.03546099290780142 0.03546099290780142 0.038461538461538464 0.023809523809523808 0.023809523809523808 0.024844720496894408 
0.01652892561983471 0.024193548387096774 0.03664921465968586 0.029411764705882353 0.017045454545454544 0.025252525252525252 0.060109289617486336 0.030456852791878174 0.024752475247524754 0.024752475247524754 0.037037037037037035 0.03317535545023697 0.0330188679245283 0.035 
0.4580152671755725 0.24615384615384617 0.31645569620253167 0.3333333333333333 0.3434343434343434 0.35714285714285715 0.31891891891891894 0.2893401015228426 0.3403141361256545 0.3575418994413408 0.35195530726256985 0.35195530726256985 0.3707865168539326 0.372972972972973 
0.0 0.0 0.0 0.0 0.0 0.0 0.0 0.0 0.0 0.0 0.0 0.0 0.0 0.0 
0.033783783783783786 0.02666666666666667 0.05555555555555555 0.03535353535353535 0.037815126050420166 0.03404255319148936 0.03404255319148936 0.029288702928870293 0.056179775280898875 0.041884816753926704 0.041884816753926704 0.03940886699507389 0.03125 0.020833333333333332 
0.0 0.0 0.0 0.0 0.0 0.0 0.0 0.0 0.0 0.0 0.0 0.0 0.0 0.0 
0.6 0.23414634146341465 0.32450331125827814 0.4777777777777778 0.4725274725274725 0.3939393939393939 0.4 0.3901098901098901 0.5098039215686274 0.3939393939393939 0.39086294416243655 0.39 0.4484536082474227 0.48095238095238096 
0.03389830508474576 0.054187192118226604 0.023668639053254437 0.022598870056497175 0.030303030303030304 0.055299539170506916 0.0514018691588785 0.04716981132075472 0.056818181818181816 0.056818181818181816 0.044444444444444446 0.035897435897435895 0.02824858757062147 0.0273224043715847 
0.0 0.006289308176100629 0.005847953216374269 0.019736842105263157 0.034482758620689655 0.034482758620689655 0.03424657534246575 0.03424657534246575 0.006622516556291391 0.006578947368421052 0.006578947368421052 0.006535947712418301 0.00641025641025641 0.00641025641025641 
0.0 0.0 0.0 0.0 0.0 0.0 0.0 0.0 0.0 0.0 0.0 0.0 0.0 0.0 
0.056074766355140186 0.05309734513274336 0.03361344537815126 0.03669724770642202 0.03418803418803419 0.03409090909090909 0.03409090909090909 0.033707865168539325 0.03314917127071823 0.03314917127071823 0.028985507246376812 0.043209876543209874 0.041666666666666664 0.031446540880503145 
0.015384615384615385 0.02717391304347826 0.015957446808510637 0.01639344262295082 0.014084507042253521 0.0364963503649635 0.024539877300613498 0.020134228187919462 0.011695906432748537 0.011235955056179775 0.015706806282722512 0.015957446808510637 0.024630541871921183 0.024752475247524754 
0.008333333333333333 0.0 0.0 0.0 0.0 0.0 0.0 0.0 0.0 0.0 0.0 0.0 0.0 0.0 
0.0 0.0 0.004975124378109453 0.0 0.0 0.0 0.0 0.0 0.0 0.0 0.0 0.0 0.0055248618784530384 0.0 
0.007246376811594203 0.0 0.0 0.0 0.0 0.0 0.0 0.0 0.0 0.0 0.0 0.0 0.0 0.0 
0.46551724137931033 0.4898989898989899 0.4898989898989899 0.49029126213592233 0.48325358851674644 0.4835680751173709 0.4666666666666667 0.6280193236714976 0.6220095693779905 0.582089552238806 0.6019900497512438 0.5441176470588235 0.5673076923076923 0.5666666666666667 
0.015384615384615385 0.019867549668874173 0.019867549668874173 0.01875 0.011695906432748537 0.024096385542168676 0.028901734104046242 0.039473684210526314 0.02531645569620253 0.024390243902439025 0.025 0.03468208092485549 0.041176470588235294 0.017857142857142856 
0.024793388429752067 0.02912621359223301 0.03765690376569038 0.04741379310344827 0.05454545454545454 0.06607929515418502 0.07017543859649122 0.044642857142857144 0.044642857142857144 0.03765690376569038 0.036885245901639344 0.03968253968253968 0.03968253968253968 0.04435483870967742 
0.015384615384615385 0.016853932584269662 0.014084507042253521 0.013888888888888888 0.02097902097902098 0.014705882352941176 0.013986013986013986 0.01948051948051948 0.018867924528301886 0.024539877300613498 0.023809523809523808 0.021897810218978103 0.02097902097902098 0.014598540145985401 
0.025 0.018292682926829267 0.0423728813559322 0.05042016806722689 0.05371900826446281 0.046413502109704644 0.05263157894736842 0.05113636363636364 0.045454545454545456 0.043668122270742356 0.043668122270742356 0.07407407407407407 0.07317073170731707 0.07317073170731707 
0.020134228187919462 0.05325443786982249 0.07534246575342465 0.05844155844155844 0.056962025316455694 0.05625 0.06790123456790123 0.09302325581395349 0.0670391061452514 0.06593406593406594 0.06179775280898876 0.06179775280898876 0.06349206349206349 0.06451612903225806 
0.025423728813559324 0.025 0.022556390977443608 0.022222222222222223 0.02158273381294964 0.02702702702702703 0.030927835051546393 0.02577319587628866 0.030612244897959183 0.03125 0.03208556149732621 0.02857142857142857 0.03783783783783784 0.021621621621621623 
0.5641025641025641 0.10256410256410256 0.18396226415094338 0.23 0.21195652173913043 0.28205128205128205 0.2783018867924528 0.46774193548387094 0.5138121546961326 0.5027027027027027 0.1875 0.19069767441860466 0.20095693779904306 0.2037914691943128 
0.6 0.49238578680203043 0.46859903381642515 0.4646017699115044 0.4517543859649123 0.4830917874396135 0.4635416666666667 0.5 0.5025125628140703 0.48756218905472637 0.504950495049505 0.5433526011560693 0.5372340425531915 0.5233160621761658 
0.0 0.0 0.00425531914893617 0.0 0.0 0.0 0.0 0.0 0.0 0.0 0.0 0.0 0.0 0.004524886877828055 
0.02586206896551724 0.018072289156626505 0.03636363636363636 0.013157894736842105 0.018072289156626505 0.0297029702970297 0.03414634146341464 0.029585798816568046 0.04216867469879518 0.02702702702702703 0.04430379746835443 0.05063291139240506 0.05063291139240506 0.047337278106508875 
0.01098901098901099 0.0 0.0 0.0 0.0 0.0 0.0 0.0 0.0 0.0 0.0 0.0 0.0 0.0 
0.0 0.005154639175257732 0.006369426751592357 0.006578947368421052 0.006289308176100629 0.013513513513513514 0.013605442176870748 0.013157894736842105 0.012903225806451613 0.017857142857142856 0.017857142857142856 0.018404907975460124 0.011695906432748537 0.011695906432748537 
0.0 0.0 0.0 0.0 0.0 0.0 0.0 0.0 0.004761904761904762 0.004784688995215311 0.004784688995215311 0.004901960784313725 0.004901960784313725 0.004878048780487805 
0.01680672268907563 0.005376344086021506 0.005434782608695652 0.004048582995951417 0.005128205128205128 0.004878048780487805 0.0048543689320388345 0.0049504950495049506 0.004651162790697674 0.0043859649122807015 0.0043859649122807015 0.004608294930875576 0.004608294930875576 0.0049504950495049506 
0.0078125 0.016304347826086956 0.025157232704402517 0.01098901098901099 0.013824884792626729 0.05 0.016666666666666666 0.0 0.015306122448979591 0.015306122448979591 0.015384615384615385 0.015625 0.016216216216216217 0.015706806282722512 
0.01818181818181818 0.02127659574468085 0.012269938650306749 0.009852216748768473 0.0379746835443038 0.04411764705882353 0.06060606060606061 0.0427807486631016 0.029556650246305417 0.04265402843601896 0.0625 0.047619047619047616 0.06 0.058823529411764705 
0.025423728813559324 0.018072289156626505 0.029850746268656716 0.0425531914893617 0.02643171806167401 0.05392156862745098 0.04186046511627907 0.04020100502512563 0.0380952380952381 0.04285714285714286 0.08374384236453201 0.059907834101382486 0.06306306306306306 0.05627705627705628 
0.16083916083916083 0.17258883248730963 0.21739130434782608 0.3652694610778443 0.26436781609195403 0.25301204819277107 0.24358974358974358 0.25547445255474455 0.25547445255474455 0.23648648648648649 0.26277372262773724 0.26573426573426573 0.2535211267605634 0.2589928057553957 
0.0 0.0 0.0 0.0 0.0 0.0 0.0 0.0 0.0 0.0 0.0 0.0 0.0 0.0 
0.5288461538461539 0.09923664122137404 0.0759493670886076 0.1469387755102041 0.096 0.1085972850678733 0.08085106382978724 0.19913419913419914 0.1554054054054054 0.1320754716981132 0.17786561264822134 0.16901408450704225 0.4 0.46218487394957986 
0.6 0.49238578680203043 0.5714285714285714 0.5024630541871922 0.5024630541871922 0.5024630541871922 0.5024154589371981 0.5194174757281553 0.5517241379310345 0.5888324873096447 0.576530612244898 0.5829145728643216 0.6019417475728155 0.6205128205128205 
0.011627906976744186 0.0 0.0 0.0 0.0 0.005076142131979695 0.005128205128205128 0.005405405405405406 0.005 0.0048543689320388345 0.0048543689320388345 0.0051813471502590676 0.0051813471502590676 0.004629629629629629 
0.0 0.0 0.0 0.0 0.0 0.004608294930875576 0.0051813471502590676 0.0 0.0 0.004807692307692308 0.0 0.0 0.0 0.0 
0.02608695652173913 0.018072289156626505 0.016666666666666666 0.028985507246376812 0.023148148148148147 0.034482758620689655 0.04568527918781726 0.02185792349726776 0.029197080291970802 0.05042016806722689 0.05042016806722689 0.049586776859504134 0.04 0.03125 
0.034782608695652174 0.030612244897959183 0.00980392156862745 0.009174311926605505 0.017857142857142856 0.011049723756906077 0.006993006993006993 0.0072992700729927005 0.007575757575757576 0.009009009009009009 0.009009009009009009 0.008695652173913044 0.008771929824561403 0.008771929824561403 
0.0 0.0 0.0 0.0 0.0 0.0 0.0 0.0 0.0 0.0 0.0 0.0 0.0 0.0 
0.0 0.0 0.029197080291970802 0.018867924528301886 0.022988505747126436 0.02197802197802198 0.027586206896551724 0.028368794326241134 0.029197080291970802 0.02564102564102564 0.024539877300613498 0.006369426751592357 0.01282051282051282 0.012269938650306749 
0.0 0.0 0.0 0.0 0.0 0.0 0.0 0.0 0.0 0.0 0.0 0.0 0.0 0.0 
0.007246376811594203 0.0 0.0 0.0 0.0 0.0 0.0 0.0 0.0 0.0 0.0 0.0 0.0 0.0 
0.008849557522123894 0.00819672131147541 0.008264462809917356 0.006622516556291391 0.00510204081632653 0.005952380952380952 0.0058823529411764705 0.005649717514124294 0.0 0.0 0.0 0.0 0.0 0.0 
0.0 0.0 0.0 0.0 0.0 0.0 0.0 0.0 0.0 0.0 0.0 0.0 0.0 0.0 
0.00847457627118644 0.008333333333333333 0.008620689655172414 0.006493506493506494 0.006369426751592357 0.005434782608695652 0.004975124378109453 0.0053475935828877 0.005319148936170213 0.005235602094240838 0.0 0.0 0.0 0.0 
0.0 0.0 0.0 0.0 0.0 0.0 0.0 0.0 0.0 0.0 0.0 0.0 0.0 0.0 
0.023076923076923078 0.02040816326530612 0.016574585635359115 0.016483516483516484 0.017241379310344827 0.017341040462427744 0.024844720496894408 0.023255813953488372 0.010582010582010581 0.010582010582010581 0.011904761904761904 0.011976047904191617 0.011363636363636364 0.011235955056179775 
0.05785123966942149 0.16184971098265896 0.0859375 0.11971830985915492 0.29120879120879123 0.2634730538922156 0.2711864406779661 0.18274111675126903 0.21978021978021978 0.22527472527472528 0.23394495412844038 0.23529411764705882 0.23788546255506607 0.03686635944700461 
0.391304347826087 0.0625 0.47368421052631576 0.5369458128078818 0.664804469273743 0.664804469273743 0.6735751295336787 0.6243654822335025 0.5639810426540285 0.5388349514563107 0.5248868778280543 0.5525114155251142 0.631336405529954 0.6442307692307693 
0.034782608695652174 0.017142857142857144 0.029850746268656716 0.020491803278688523 0.01948051948051948 0.0375 0.037037037037037035 0.037037037037037035 0.05952380952380952 0.05714285714285714 0.06179775280898876 0.06779661016949153 0.0670391061452514 0.015228426395939087 
0.6 0.49238578680203043 0.4811320754716981 0.4869109947643979 0.46236559139784944 0.5027322404371585 0.5117647058823529 0.5088757396449705 0.5872093023255814 0.6065573770491803 0.5978835978835979 0.5978835978835979 0.6091370558375635 0.6296296296296297 
0.0 0.0 0.0 0.0 0.0 0.0 0.0 0.0 0.0 0.0 0.0 0.0 0.0 0.0 
0.0 0.0 0.0 0.0 0.0 0.0 0.0 0.0 0.0 0.0 0.0 0.0 0.0 0.0 
0.007462686567164179 0.00558659217877095 0.0 0.0 0.0 0.0 0.0 0.0 0.0 0.0 0.006097560975609756 0.006172839506172839 0.006329113924050633 0.006329113924050633 
0.0 0.0 0.0 0.0 0.0 0.0 0.0 0.0 0.0 0.0 0.004761904761904762 0.004761904761904762 0.004830917874396135 0.0 
0.0 0.0 0.0 0.0 0.0 0.0 0.0 0.0 0.0 0.0 0.0 0.0 0.0 0.0 
0.01904761904761905 0.005649717514124294 0.00847457627118644 0.006896551724137931 0.01098901098901099 0.01282051282051282 0.009523809523809525 0.009900990099009901 0.011363636363636364 0.011363636363636364 0.010101010101010102 0.005988023952095809 0.006097560975609756 0.005988023952095809 
0.020134228187919462 0.05325443786982249 0.0055248618784530384 0.005291005291005291 0.06217616580310881 0.052941176470588235 0.042105263157894736 0.041237113402061855 0.043243243243243246 0.04145077720207254 0.04639175257731959 0.04639175257731959 0.05128205128205128 0.05641025641025641 
0.46153846153846156 0.4898989898989899 0.46859903381642515 0.49029126213592233 0.5120772946859904 0.5094339622641509 0.5096153846153846 0.5497076023391813 0.5 0.49295774647887325 0.6089108910891089 0.5395348837209303 0.5467289719626168 0.5467289719626168 
0.0 0.0 0.0 0.0 0.0 0.0 0.0 0.0 0.005263157894736842 0.005263157894736842 0.005263157894736842 0.0 0.005555555555555556 0.005681818181818182 
0.018867924528301886 0.0 0.010869565217391304 0.013043478260869565 0.017316017316017316 0.01098901098901099 0.0106951871657754 0.0106951871657754 0.009852216748768473 0.009852216748768473 0.017316017316017316 0.017316017316017316 0.017316017316017316 0.01639344262295082 
0.0 0.0 0.0 0.0 0.0 0.0 0.0 0.0 0.0 0.0 0.00684931506849315 0.005780346820809248 0.014084507042253521 0.012987012987012988 
0.0 0.0 0.0 0.0 0.0 0.0 0.0 0.0 0.0 0.0 0.0 0.0 0.0 0.0 
0.014925373134328358 0.006578947368421052 0.018518518518518517 0.018518518518518517 0.02040816326530612 0.020942408376963352 0.020942408376963352 0.020942408376963352 0.005405405405405406 0.005405405405405406 0.022099447513812154 0.022099447513812154 0.022099447513812154 0.005494505494505495 
0.008620689655172414 0.0 0.0 0.0 0.005681818181818182 0.005050505050505051 0.0049261083743842365 0.009478672985781991 0.009302325581395349 0.008888888888888889 0.0 0.0 0.0 0.0 
0.014925373134328358 0.021052631578947368 0.024691358024691357 0.026143790849673203 0.02040816326530612 0.020689655172413793 0.019867549668874173 0.0125 0.01282051282051282 0.01282051282051282 0.012422360248447204 0.012269938650306749 0.012269938650306749 0.012195121951219513 
0.0 0.0 0.0 0.0 0.0 0.0 0.0 0.0 0.0 0.0 0.0 0.0 0.0 0.005154639175257732 
