0.0 0.0 0.0 0.0 0.0 0.0 0.0 0.0 0.0 0.0 0.0 0.0 0.0 0.0 
0.7894736842105263 0.782608695652174 0.782608695652174 0.782608695652174 0.782608695652174 0.782608695652174 0.782608695652174 0.782608695652174 0.782608695652174 0.782608695652174 0.782608695652174 0.782608695652174 0.7692307692307693 0.7692307692307693 
1.0 0 1.0 1.0 1.0 1.0 0.75 1.0 0.75 0.8 1.0 1.0 1.0 1.0 
0.65 0.6388888888888888 0.6388888888888888 0.6388888888888888 0.6388888888888888 0.6388888888888888 0.6388888888888888 0.6388888888888888 0.6388888888888888 0.6388888888888888 0.6388888888888888 0.6388888888888888 0.6388888888888888 0.6388888888888888 
0 0 0 0 0 0 0 0 0 0 0 0 0 0 
1.0 1.0 1.0 1.0 1.0 1.0 1.0 1.0 1.0 1.0 1.0 1.0 1.0 1.0 
1.0 1.0 1.0 1.0 1.0 1.0 1.0 1.0 1.0 1.0 1.0 1.0 1.0 1.0 
0.9090909090909091 0.875 0.8947368421052632 0.8888888888888888 0.8888888888888888 0.8888888888888888 0.8888888888888888 0.8888888888888888 0.8888888888888888 0.8888888888888888 0.8888888888888888 0.8888888888888888 0.8888888888888888 0.8888888888888888 
0 0 0 0 0 0 0 0 0 0 0 0 0 0 
1.0 1.0 1.0 0.875 0.875 0.875 0.875 0.875 0.875 0.875 0.875 0.875 0.875 0.875 
0.0 0.0 0.0 0.0 0.0 0.0 0.0 0.0 0.0 0.0 0.0 0.0 0.0 0.0 
0 1.0 1.0 1.0 1.0 1.0 1.0 1.0 1.0 1.0 1.0 1.0 1.0 1.0 
1.0 1.0 1.0 1.0 1.0 1.0 1.0 1.0 1.0 1.0 1.0 1.0 1.0 1.0 
0 0 0 0 0 0 0 0 0 0 0 0 0 0 
0 0.0 0.0 0.0 0.0 0.0 0.0 0.0 0.0 0.0 0.0 0.0 0.0 0.0 
1.0 1.0 1.0 1.0 1.0 1.0 1.0 1.0 1.0 1.0 1.0 1.0 1.0 1.0 
0.65 0.6701030927835051 0.6701030927835051 0.6701030927835051 0.6701030927835051 0.6701030927835051 0.6701030927835051 0.6701030927835051 0.6701030927835051 0.6701030927835051 0.6701030927835051 0.6701030927835051 0.6701030927835051 0.6701030927835051 
1.0 1.0 1.0 1.0 1.0 1.0 1.0 1.0 1.0 1.0 1.0 1.0 1.0 1.0 
0 0 0 0 0 0 0 0 0 0 0 0 0 0 
0 0 0 0 0 0 0 0 0 0 0 0 0 0 
0 0.0 0.0 0.0 0.0 0.0 0.0 0.0 0.0 0.0 0.0 0.0 0.0 0.0 
1.0 1.0 1.0 1.0 1.0 1.0 1.0 1.0 1.0 1.0 1.0 1.0 1.0 1.0 
1.0 1.0 1.0 1.0 1.0 1.0 1.0 1.0 1.0 1.0 1.0 1.0 1.0 1.0 
0.6888888888888889 0.671875 0.6615384615384615 0.6666666666666666 0.6666666666666666 0.6515151515151515 0.6515151515151515 0.6461538461538462 0.6515151515151515 0.6515151515151515 0.6666666666666666 0.6666666666666666 0.6666666666666666 0.676056338028169 
0.6923076923076923 0.7 0.7 0.7 0.6521739130434783 0.6551724137931034 0.6666666666666666 0.6666666666666666 0.696969696969697 0.6458333333333334 0.6521739130434783 0.6521739130434783 0.6521739130434783 0.6521739130434783 
0 0.0 0.0 0.0 0.0 0.0 0.0 0.0 0.0 0.0 0.0 0 0 0 
0 0 0 0 0 0 0 0 0 0 0 0 0 0 
0 0 0 0 0 0 0 0 0 0 0 0 0 0 
0 0 0 0 0 0 0 0 0 0 0 0 0 0 
0 0 0 0 0 0 0 0 0 0 0 0 0 0 
0.0 0 0 0 0 0 0 0 0 0 0 0 0 0 
0.6891891891891891 0.7011494252873564 0.7011494252873564 0.7011494252873564 0.7011494252873564 0.7011494252873564 0.6941176470588235 0.6931818181818182 0.6931818181818182 0.6931818181818182 0.6931818181818182 0.6896551724137931 0.6818181818181818 0.6818181818181818 
1.0 1.0 1.0 1.0 1.0 1.0 1.0 1.0 1.0 1.0 1.0 1.0 1.0 1.0 
0 0 0 0 0 0 0 0 0 0 0 0 0 0 
0 0 0 0 0 0 0 0 0 0 0 0 0 0 
1.0 0 0 0 0 0 0 0 0 0 0 0 0 0 
1.0 1.0 1.0 0.7142857142857143 0.6666666666666666 0.6666666666666666 0.6666666666666666 0.6666666666666666 0.6666666666666666 0.6666666666666666 0.6666666666666666 0.6666666666666666 0.6666666666666666 0.6666666666666666 
0 0.0 0.0 0.0 0.0 0.0 0.0 0.0 0.0 0.0 0.0 0.0 0.0 0.0 
0 0 0 0 0 0 0 0 0 0 0 0 0 0 
0 1.0 1.0 1.0 1.0 1.0 1.0 1.0 1.0 1.0 1.0 1.0 1.0 1.0 
0 0 0 0 0 0 0 0 0 0 0 0 0 0 
0 0 0 0 0 0 0 0 0 0 0 0 0 0 
1.0 1.0 0.5 0.5 0.5 1.0 1.0 1.0 1.0 1.0 1.0 0.75 0.5 0.5 
1.0 1.0 1.0 1.0 1.0 1.0 1.0 1.0 1.0 1.0 1.0 1.0 1.0 1.0 
0 0 0 0 0 0 0 0 0 0 0 0 0 0 
0.6909090909090909 0.6923076923076923 0.6923076923076923 0.6923076923076923 0.6923076923076923 0.6792452830188679 0.6792452830188679 0.6792452830188679 0.6792452830188679 0.6792452830188679 0.6792452830188679 0.6792452830188679 0.6792452830188679 0.6792452830188679 
1.0 0.875 0.8823529411764706 0.8823529411764706 0.8823529411764706 0.8823529411764706 0.8571428571428571 0.8571428571428571 0.8571428571428571 0.8571428571428571 0.8571428571428571 0.8666666666666667 0.8666666666666667 0.8666666666666667 
0.65 0.7021276595744681 0.7021276595744681 0.7021276595744681 0.72 0.72 0.72 0.72 0.72 0.72 0.72 0.72 0.72 0.72 
0.65 0.7021276595744681 0.7021276595744681 0.7021276595744681 0.7307692307692307 0.7307692307692307 0.7307692307692307 0.7307692307692307 0.7307692307692307 0.7307692307692307 0.7307692307692307 0.7307692307692307 0.7307692307692307 0.7307692307692307 
0.6296296296296297 0.6979166666666666 0.6842105263157895 0.6831683168316832 0.6831683168316832 0.6831683168316832 0.6831683168316832 0.673469387755102 0.673469387755102 0.673469387755102 0.673469387755102 0.673469387755102 0.6831683168316832 0.6831683168316832 
0 0 0 0 0 0 0 0 0 0 0 0 0 0 
0.65 0.7804878048780488 0.7307692307692307 0.7307692307692307 0.7307692307692307 0.7166666666666667 0.7166666666666667 0.71875 0.7142857142857143 0.7142857142857143 0.703125 0.675 0.6744186046511628 0.6986301369863014 
1.0 1.0 0.9090909090909091 0.9230769230769231 0.9285714285714286 0.875 0.9 0.8571428571428571 0.875 0.875 0.875 0.875 0.875 0.875 
0.625 0.6627906976744186 0.6464646464646465 0.6626506024096386 0.6847826086956522 0.6875 0.6781609195402298 0.6896551724137931 0.6976744186046512 0.6867469879518072 0.7108433734939759 0.7176470588235294 0.7209302325581395 0.7088607594936709 
1.0 0 0 0 1.0 1.0 0.8 0.8 0.8571428571428571 0.8333333333333334 0.8333333333333334 0.8333333333333334 0.8 0.8 
0.6909090909090909 0.5925925925925926 0.6428571428571429 0.6428571428571429 0.65625 0.625 0.625 0.6486486486486487 0.6585365853658537 0.5833333333333334 0.6153846153846154 0.6944444444444444 0.6944444444444444 0.6923076923076923 
0.6296296296296297 0.6875 0.6875 0.6875 0.6956521739130435 0.6666666666666666 0.6428571428571429 0.6428571428571429 0.6388888888888888 0.6388888888888888 0.6388888888888888 0.8333333333333334 0.8421052631578947 0.6666666666666666 
0 0 0 0 0 0 0 0 0 0 0 0 0 0 
0.0 0 0 0 0 0 0 0 0 0 0 0 0 0 
1.0 0.8 0.8333333333333334 0.8571428571428571 0.8571428571428571 0.8333333333333334 0.8333333333333334 0.875 0.875 0.875 0.8571428571428571 0.8571428571428571 0.875 0.875 
0.6428571428571429 0.8333333333333334 0.8181818181818182 0.8055555555555556 0.8055555555555556 0.8048780487804879 0.8048780487804879 0.8048780487804879 0.7777777777777778 0.7837837837837838 0.7380952380952381 0.7380952380952381 0.7380952380952381 0.7380952380952381 
1.0 0 0.6666666666666666 1.0 1.0 1.0 1.0 1.0 1.0 1.0 1.0 1.0 1.0 1.0 
0.65 0.7021276595744681 0.7192982456140351 0.7142857142857143 0.7142857142857143 0.7307692307692307 0.7358490566037735 0.7413793103448276 0.76 0.7 0.7037037037037037 0.7183098591549296 0.6619718309859155 0.7058823529411765 
1.0 1.0 1.0 1.0 1.0 1.0 1.0 1.0 1.0 0 0 0 0 0 
0 0.875 0.875 1.0 1.0 1.0 1.0 1.0 0.75 0.75 1.0 1.0 1.0 1.0 
0.65 0.673469387755102 0.7241379310344828 0.7241379310344828 0.7213114754098361 0.7166666666666667 0.7166666666666667 0.7258064516129032 0.65625 0.6617647058823529 0.6617647058823529 0.6617647058823529 0.6617647058823529 0.6376811594202898 
0.6909090909090909 0.6949152542372882 0.6949152542372882 0.6949152542372882 0.65625 0.6507936507936508 0.647887323943662 0.6619718309859155 0.6388888888888888 0.6615384615384615 0.6666666666666666 0.6521739130434783 0.6363636363636364 0.6521739130434783 
1.0 1.0 1.0 1.0 1.0 1.0 1.0 1.0 1.0 1.0 1.0 1.0 1.0 1.0 
0.6617647058823529 0.7446808510638298 0.6896551724137931 0.7 0.6909090909090909 0.7037037037037037 0.703125 0.6842105263157895 0.6835443037974683 0.6962025316455697 0.6710526315789473 0.6875 0.6794871794871795 0.6794871794871795 
0 0 0 0 0 0 0 0 0 0 0 0 0 0 
1.0 1.0 1.0 0.5 0.5 0.5 0.5 0.5 0.5 0.5 0.5 0.5 0.5 0.5 
0.6363636363636364 0.6979166666666666 0.6938775510204082 0.6907216494845361 0.6907216494845361 0.6764705882352942 0.6764705882352942 0.6796116504854369 0.6831683168316832 0.6831683168316832 0.68 0.6831683168316832 0.6831683168316832 0.6831683168316832 
0.6111111111111112 0.6979166666666666 0.6979166666666666 0.68 0.6666666666666666 0.6666666666666666 0.6666666666666666 0.68 0.6831683168316832 0.6831683168316832 0.6666666666666666 0.6666666666666666 0.6666666666666666 0.6666666666666666 
0.6779661016949152 0.6571428571428571 0.6666666666666666 0.7391304347826086 0.74 0.74 0.74 0.7192982456140351 0.6949152542372882 0.6779661016949152 0.7294117647058823 0.7294117647058823 0.7294117647058823 0.7294117647058823 
0 0 0 0 0 0 0 0 0 0 0 0 0 0 
1.0 1.0 1.0 1.0 1.0 1.0 1.0 1.0 1.0 1.0 1.0 1.0 1.0 1.0 
1.0 1.0 1.0 1.0 1.0 0.5 0.5 0.5 0.5 0.5 0.5 0.5 0.5 0.5 
0.0 0 0 0 0 0 0 0 0 0 0 0 0 0 
0.6964285714285714 0.6538461538461539 0.5714285714285714 0.5967741935483871 0.5789473684210527 0.5789473684210527 0.5967741935483871 0.6065573770491803 0.6140350877192983 0.6140350877192983 0.5882352941176471 0.5882352941176471 0.5961538461538461 0.5846153846153846 
0 0 0 0 0 0 0 0 0 0 0 0 0 0 
0.6111111111111112 0.7083333333333334 0.7083333333333334 0.7052631578947368 0.7021276595744681 0.6736842105263158 0.6736842105263158 0.6565656565656566 0.6701030927835051 0.6792452830188679 0.6761904761904762 0.6761904761904762 0.6761904761904762 0.6509433962264151 
1.0 1.0 1.0 1.0 1.0 1.0 1.0 1.0 1.0 1.0 1.0 1.0 1.0 1.0 
0 0 0 0 0 0 0 0 0 0 0 0.0 0 0 
1.0 1.0 1.0 1.0 1.0 1.0 1.0 1.0 1.0 1.0 1.0 1.0 1.0 1.0 
0 0 0 0 0 0 0 0 0 0 0 0 0 0 
0.0 0.5 0.4 0.5 0.5 0.4 0.4 0.4 0.4 0.4 0.4 0.4 0.4 0.4 
0.6909090909090909 0.6949152542372882 0.6949152542372882 0.676923076923077 0.671875 0.6470588235294118 0.6825396825396826 0.6666666666666666 0.631578947368421 0.6271186440677966 0.6166666666666667 0.6271186440677966 0.6271186440677966 0.6206896551724138 
0.8 0.8 0.8 0.8 0.8333333333333334 0.8 0.75 0.75 0.75 1.0 1.0 1.0 1.0 1.0 
1.0 1.0 1.0 1.0 0.6666666666666666 0.75 0.75 1.0 1.0 1.0 1.0 1.0 1.0 1.0 
0.6739130434782609 0.6730769230769231 0.6730769230769231 0.673469387755102 0.673469387755102 0.673469387755102 0.6764705882352942 0.6538461538461539 0.6571428571428571 0.660377358490566 0.660377358490566 0.660377358490566 0.660377358490566 0.660377358490566 
0 0 0 0 0 0 0 0 0 0 0 0 0 0 
1.0 1.0 1.0 1.0 1.0 1.0 1.0 1.0 1.0 1.0 1.0 1.0 1.0 1.0 
1.0 1.0 1.0 1.0 1.0 1.0 1.0 1.0 1.0 1.0 1.0 1.0 1.0 1.0 
0 0.5 0.0 0.5 0.5 0.5 0.5 0.5 0.5 0.5 0.5 0.5 0.5 0.5 
0 0 0 0.0 0.0 0 0 0 0 0 0 0 0 0 
0 0 0 0 0 0 0 0 0 0 0 0 0 0 
1.0 1.0 1.0 1.0 1.0 1.0 1.0 1.0 1.0 1.0 1.0 1.0 1.0 1.0 
0 0 0 0 0 0 0 0 0 0 0 0 0 0 
0.6296296296296297 0.7 0.59375 0.59375 0.6 0.6 0.6216216216216216 0.6052631578947368 0.6341463414634146 0.6341463414634146 0.6052631578947368 0.6052631578947368 0.6304347826086957 0.6415094339622641 
0.0 0.0 0.0 0.0 0.0 0.0 0.0 0.0 0.0 0.0 0.0 0.0 0.0 0.0 
1.0 1.0 1.0 1.0 1.0 1.0 1.0 1.0 1.0 1.0 1.0 1.0 1.0 1.0 
0 0 0 0 0 0 0 0 0 0 0 0 0 0 
0.0 0 0 0 0 0 0 0 0.0 0.0 0.0 0 0 0 
0 0 0 0 0 0 0 0 0 0 0 0 0 0 
0.0 0 0 0 0 0 0 0.0 0.0 0.0 0.0 0.0 0.0 0.0 
0 0 0 0 0 0 0 0 0 0 0 0 0 0 
0.6111111111111112 0.75 0.6666666666666666 0.6875 0.7692307692307693 0.6181818181818182 0.5925925925925926 0.6 0.6739130434782609 0.6701030927835051 0.67 0.6666666666666666 0.6435643564356436 0.65 
0 0.0 0.0 0.0 0.0 0.0 0.0 0.0 0 0 0 0 0 0.0 
0.56 0.8095238095238095 0.8 0.7222222222222222 0.7428571428571429 0.7352941176470589 0.7714285714285715 0.7714285714285715 0.78125 0.78125 0.75 0.7183098591549296 0.6986301369863014 0.6741573033707865 
0 0 0 0 0 0 0 0 0 0 0 0 0 0 
0.65 0.6764705882352942 0.6764705882352942 0.6831683168316832 0.6764705882352942 0.6764705882352942 0.6764705882352942 0.6730769230769231 0.6730769230769231 0.6633663366336634 0.6633663366336634 0.6633663366336634 0.6730769230769231 0.6730769230769231 
0.0 0 1.0 1.0 1.0 0 0 1.0 1.0 1.0 1.0 1.0 1.0 1.0 
0.56 0.6428571428571429 0.6636363636363637 0.6542056074766355 0.6804123711340206 0.6804123711340206 0.6764705882352942 0.6764705882352942 0.6764705882352942 0.6699029126213593 0.6699029126213593 0.6699029126213593 0.6699029126213593 0.6699029126213593 
0.0 0.0 0.0 0.0 0.0 0.0 0.0 0.0 0.0 0.0 0.0 0.0 0.0 0.0 
0.6428571428571429 0.6 0.5925925925925926 0.5555555555555556 0.5862068965517241 0.6176470588235294 0.7 0.7021276595744681 0.7272727272727273 0.7209302325581395 0.74 0.7058823529411765 0.7321428571428571 0.7246376811594203 
0.6842105263157895 0.6938775510204082 0.6767676767676768 0.6831683168316832 0.6764705882352942 0.6730769230769231 0.6730769230769231 0.6730769230769231 0.6730769230769231 0.6831683168316832 0.6728971962616822 0.6730769230769231 0.6730769230769231 0.6699029126213593 
0 0 0 0 0 1.0 1.0 1.0 1.0 1.0 1.0 1.0 1.0 1.0 
0 0 0 0 0 0 0 0 0 0 0 0 0 0 
0.65 0.6949152542372882 0.6949152542372882 0.6507936507936508 0.6376811594202898 0.6981132075471698 0.6557377049180327 0.6376811594202898 0.6582278481012658 0.6363636363636364 0.675 0.6666666666666666 0.6621621621621622 0.647887323943662 
0 0.0 0.0 0 0 0 0 0 0 0 0 0 0.0 0.0 
1.0 1.0 1.0 1.0 1.0 1.0 1.0 1.0 1.0 1.0 1.0 1.0 1.0 1.0 
1.0 1.0 1.0 1.0 1.0 1.0 1.0 1.0 1.0 1.0 1.0 1.0 1.0 1.0 
0 0 0 0 0 0 0 0 0 0 0 0 0 0 
0.8571428571428571 0.875 0.875 0.875 0.875 0.875 0.875 0.875 0.8888888888888888 0.8888888888888888 0.8888888888888888 0.8888888888888888 0.875 0.875 
0.7894736842105263 0.6727272727272727 0.7169811320754716 0.7017543859649122 0.6530612244897959 0.660377358490566 0.6538461538461539 0.6538461538461539 0.631578947368421 0.6111111111111112 0.6181818181818182 0.6181818181818182 0.6101694915254238 0.6290322580645161 
0.0 0.0 0.0 0.0 0.0 0.0 0.0 0.0 0.0 0.0 0.0 0.0 0.0 0.0 
0 0 0 0 0 0 0 0 0 0 0 0 0 0 
0.6666666666666666 0.8620689655172413 0.8387096774193549 0.8387096774193549 0.8125 0.8181818181818182 0.8235294117647058 0.7777777777777778 0.7777777777777778 0.775 0.7333333333333333 0.7333333333333333 0.75 0.6951219512195121 
0 0 0 0 0 0 0 0 0 0 0 0 0 0 
0.6666666666666666 0.7037037037037037 0.6666666666666666 0.65625 0.6764705882352942 0.684931506849315 0.6901408450704225 0.6901408450704225 0.684931506849315 0.6883116883116883 0.6842105263157895 0.68 0.7307692307692307 0.7375 
1.0 1.0 1.0 1.0 1.0 1.0 1.0 1.0 1.0 1.0 1.0 1.0 1.0 1.0 
0.6875 0.69 0.68 0.68 0.6862745098039216 0.6862745098039216 0.6862745098039216 0.6862745098039216 0.6862745098039216 0.6862745098039216 0.6862745098039216 0.6862745098039216 0.6822429906542056 0.6822429906542056 
0 0 0 0 0 0 0 0 0 0 0 0 0 0 
0.0 0 0 0 0 0 0 0 0 0 0 0 0 0 
0.6842105263157895 0.6481481481481481 0.6363636363636364 0.6078431372549019 0.64 0.6857142857142857 0.7049180327868853 0.6666666666666666 0.6666666666666666 0.6176470588235294 0.6666666666666666 0.6666666666666666 0.65625 0.65625 
1.0 0 0 0 0 0 1.0 0 0 0 0 1.0 1.0 1.0 
0 0 0 0 0 0 0 0 0 0 0 0 0 0 
1.0 1.0 1.0 1.0 1.0 0 1.0 1.0 1.0 1.0 1.0 1.0 1.0 1.0 
0 0 0 0 0 0 0.0 0.0 0.0 0.0 0.0 0.0 0.0 0.0 
1.0 0.8333333333333334 0.8571428571428571 0.6 0.6 0.6666666666666666 0.6666666666666666 0.75 0.7777777777777778 0.7777777777777778 0.8 0.7142857142857143 0.7142857142857143 0.7142857142857143 
0.660377358490566 0.7317073170731707 0.7391304347826086 0.7727272727272727 0.7346938775510204 0.7321428571428571 0.711864406779661 0.7166666666666667 0.746031746031746 0.7818181818181819 0.7818181818181819 0.7704918032786885 0.7704918032786885 0.7936507936507936 
0.3333333333333333 0.0 0.0 0.0 0.0 0.0 0.0 0.0 0 0 0 0 0 0 
0 0 0 0 0 0 0 0 0 0 0 0 0 0 
1.0 1.0 1.0 1.0 1.0 1.0 1.0 1.0 1.0 1.0 1.0 1.0 1.0 1.0 
0 0 0 0 0 0 0 0 0 0 0 0 0 0 
0.0 0.0 0.0 0.0 0.0 0.0 0.0 0.0 0.0 0.0 0.0 0.0 0.0 0.0 
0 0 0 0 0 0 0.0 0.0 0.0 0.0 0.0 0.0 0.0 0.0 
0.0 0 0 0 0 0 0 0 0 0 0 0 0 0 
0 0 0 0 0.0 0 0 0 0 0 0 0 0 0 
0 0 0 0 0 0 0 0 0 0 0 0 0 0 
1.0 1.0 1.0 1.0 1.0 1.0 1.0 1.0 1.0 1.0 1.0 1.0 1.0 1.0 
0.0 0 0 0 0 0 0 0 0 0 0 0 0 0 
1.0 0.0 0.0 0.0 0.0 0.0 0.0 0.5 0.5 0.5 0.5 0.5 0.5 1.0 
0.0 0.0 0.0 0.0 0.0 0.0 0.0 0.0 0.0 0.0 0.0 0.0 0.0 0.0 
0 0 0 0 0 0 0 0 0 0 0 0 0 0 
1.0 1.0 1.0 1.0 1.0 1.0 1.0 1.0 1.0 1.0 1.0 1.0 1.0 1.0 
1.0 1.0 1.0 1.0 1.0 1.0 1.0 1.0 1.0 1.0 1.0 1.0 1.0 0.8571428571428571 
0.65 0.660377358490566 0.6268656716417911 0.6428571428571429 0.6438356164383562 0.65625 0.6483516483516484 0.6559139784946236 0.6990291262135923 0.6881720430107527 0.6767676767676768 0.6756756756756757 0.6756756756756757 0.6875 
0.660377358490566 0.6909090909090909 0.6842105263157895 0.6538461538461539 0.6538461538461539 0.6451612903225806 0.6451612903225806 0.6451612903225806 0.717948717948718 0.7073170731707317 0.6976744186046512 0.6756756756756757 0.6428571428571429 0.6470588235294118 
1.0 1.0 1.0 1.0 1.0 1.0 1.0 1.0 1.0 1.0 1.0 1.0 1.0 1.0 
0 0 0 0 0 0 0 0 0 0 0 0 0 0 
1.0 1.0 1.0 1.0 1.0 1.0 1.0 1.0 1.0 0.8947368421052632 0.8947368421052632 0.8947368421052632 0.9230769230769231 0.9230769230769231 
1.0 1.0 1.0 1.0 1.0 1.0 1.0 1.0 1.0 1.0 1.0 1.0 1.0 1.0 
0.875 1.0 1.0 1.0 1.0 1.0 1.0 1.0 1.0 1.0 1.0 1.0 1.0 1.0 
0.875 1.0 1.0 1.0 1.0 1.0 1.0 1.0 1.0 1.0 1.0 1.0 1.0 1.0 
1.0 1.0 1.0 1.0 1.0 1.0 1.0 1.0 1.0 1.0 1.0 1.0 1.0 1.0 
0.6461538461538462 0.9 0.8571428571428571 0.8571428571428571 0.6268656716417911 0.6351351351351351 0.6477272727272727 0.6236559139784946 0.6346153846153846 0.6476190476190476 0.6545454545454545 0.6545454545454545 0.6470588235294118 0.6335877862595419 
1.0 1.0 1.0 1.0 1.0 1.0 1.0 1.0 1.0 1.0 1.0 1.0 1.0 1.0 
0.6428571428571429 0.8 0.691358024691358 0.7 0.6610169491525424 0.6724137931034483 0.7164179104477612 0.6111111111111112 0.7435897435897436 0.7205882352941176 0.7083333333333334 0.7083333333333334 0.7571428571428571 0.65625 
0 0 0 0 0 0 0 0 0 0 0 0 0 0 
0.6909090909090909 0.6764705882352942 0.6764705882352942 0.6990291262135923 0.6796116504854369 0.6923076923076923 0.7 0.673469387755102 0.673469387755102 0.6666666666666666 0.6396396396396397 0.6386554621848739 0.6290322580645161 0.6290322580645161 
0 0 0 0 0 0 0 0 0 0.0 0.0 0 0 0 
0.6909090909090909 0.6923076923076923 0.6470588235294118 0.64 0.6382978723404256 0.7608695652173914 0.647887323943662 0.6428571428571429 0.6363636363636364 0.6417910447761194 0.676056338028169 0.676056338028169 0.676056338028169 0.5777777777777777 
1.0 1.0 1.0 1.0 1.0 1.0 1.0 1.0 1.0 1.0 1.0 1.0 1.0 1.0 
1.0 1.0 1.0 1.0 1.0 1.0 1.0 1.0 1.0 1.0 1.0 1.0 1.0 1.0 
0 0.0 0.0 0.0 0.0 0.0 0.0 0.0 0.0 0.0 0.0 0.0 0.0 0.0 
0 0 0 0 0 0 0 0 0 0 0 0 0 0 
0.0 0.0 0.0 0.0 0.0 0.0 0.0 0.0 0.0 0.0 0.0 0.0 0.0 0.0 
0 0 0 0 0 0 0 0 0 0 0 0 0 0 
0.6296296296296297 0.9166666666666666 0.6578947368421053 0.7804878048780488 0.7619047619047619 0.7560975609756098 0.7560975609756098 0.7341772151898734 0.7341772151898734 0.7123287671232876 0.7 0.717948717948718 0.7530864197530864 0.7352941176470589 
1.0 0 1.0 1.0 1.0 1.0 1.0 1.0 1.0 1.0 1.0 1.0 1.0 1.0 
1.0 0.8 1.0 1.0 1.0 1.0 1.0 1.0 1.0 1.0 1.0 1.0 1.0 1.0 
0.0 0.0 0.0 0.0 0.0 0.0 0.0 0.0 0.0 0.0 0.0 0.0 0.0 0.0 
0.0 0 0.0 0.0 0.0 0.0 0 0 0 0 0 0 0 0 
0 1.0 1.0 1.0 1.0 1.0 1.0 1.0 1.0 1.0 1.0 1.0 1.0 1.0 
0 0 0 1.0 1.0 0 0 0 1.0 1.0 1.0 1.0 1.0 1.0 
0.6666666666666666 0.7105263157894737 0.7321428571428571 0.717948717948718 0.7073170731707317 0.7073170731707317 0.6764705882352942 0.71875 0.6901408450704225 0.6666666666666666 0.6440677966101694 0.6891891891891891 0.7012987012987013 0.6835443037974683 
1.0 1.0 1.0 0.8571428571428571 0.8333333333333334 0.8333333333333334 0.8333333333333334 1.0 1.0 1.0 1.0 0.8333333333333334 0.8333333333333334 1.0 
1.0 1.0 1.0 1.0 1.0 1.0 1.0 1.0 1.0 1.0 1.0 1.0 1.0 1.0 
1.0 1.0 0.75 0.6666666666666666 0.6666666666666666 0.6666666666666666 0.6666666666666666 0.6666666666666666 0.5 0.75 1.0 1.0 1.0 1.0 
0.0 0.0 0.0 0.0 0.0 0.0 0.0 0.0 0.0 0.0 0.0 0.0 0.0 0.0 
0.7894736842105263 0.8181818181818182 0.8181818181818182 0.8181818181818182 0.7105263157894737 0.7027027027027027 0.6666666666666666 0.7317073170731707 0.6486486486486487 0.6857142857142857 0.6857142857142857 0.6842105263157895 0.6875 0.6666666666666666 
0.6617647058823529 0.75 0.8260869565217391 0.7906976744186046 0.7272727272727273 0.7325581395348837 0.8181818181818182 0.7755102040816326 0.7415730337078652 0.7710843373493976 0.7466666666666667 0.7272727272727273 0.6962025316455697 0.7108433734939759 
1.0 0.8571428571428571 0.9 0.7692307692307693 0.8333333333333334 0.8461538461538461 0.9285714285714286 0.9166666666666666 0.9166666666666666 1.0 0.8333333333333334 0.9 0.875 0.875 
0 0 0 0 0 0 0 0 0 0 0 0 0 0 
0 0 0.0 0.0 0.0 0.0 0.0 0.0 0.0 0.0 0.0 0.0 0.0 0.0 
1.0 1.0 1.0 1.0 1.0 1.0 1.0 1.0 1.0 1.0 1.0 1.0 1.0 1.0 
0.0 0.0 0.0 0.0 0.0 0.0 0.0 0.0 0.0 0.0 0.0 0.0 0.0 0.0 
1.0 0.9230769230769231 0.875 0.9090909090909091 0.8461538461538461 0.8333333333333334 0.8333333333333334 0.9 0.9 0.9 0.8 0.8333333333333334 0.8461538461538461 0.8666666666666667 
0 0 0 0 0 0 0 0 0 0 0 0 0 0 
0.65 0.68 0.673469387755102 0.6813186813186813 0.6813186813186813 0.6703296703296703 0.6703296703296703 0.6842105263157895 0.6842105263157895 0.68 0.6831683168316832 0.6476190476190476 0.6504854368932039 0.6633663366336634 
0 0 0 0 0 0 0 0 0 0 0 0 0 0 
0 0 0 0 0 0 0 0 0 0 0 0 0 0 
0 0 0 0 0 0 0 0 0 0 0 0 0 0 
0 0 1.0 1.0 0 0 0 0 0 0 1.0 1.0 1.0 1.0 
0.6785714285714286 0.7916666666666666 0.7419354838709677 0.6785714285714286 0.6538461538461539 0.7142857142857143 0.7 0.75 0.8285714285714286 0.7727272727272727 0.7 0.7307692307692307 0.74 0.7450980392156863 
1.0 1.0 0.5 0 0 0.0 0.0 0.0 0.0 0.0 0.0 0 0.0 0 
0.0 0 0.0 0.5 0.5 0.5 0.5 0.5 0.5 0.5 0.5 0.6666666666666666 0.6666666666666666 0.0 
0 0.0 0 0 0 0 0 0 0 0 0 0 0 0 
1.0 0.75 1.0 1.0 1.0 1.0 1.0 1.0 1.0 1.0 1.0 0 1.0 1.0 
1.0 1.0 1.0 1.0 1.0 0.875 1.0 1.0 1.0 1.0 1.0 1.0 1.0 1.0 
0 0 0 0 0 0 0 0 0 0 0 0 0 0 
0 0 0 0 0 0.0 0 0.0 0.0 0.0 0 0 0 0 
0 0 0 0 0 0 0 0 0 0 0 0.0 0.0 0.0 
0.6888888888888889 0.703125 0.7241379310344828 0.6565656565656566 0.6565656565656566 0.6463414634146342 0.6346153846153846 0.6185567010309279 0.6336633663366337 0.7115384615384616 0.6964285714285714 0.6759259259259259 0.6785714285714286 0.6785714285714286 
0 0 0 0 0 0 0 0 0 0 0 0 0 0 
0.660377358490566 0.68 0.67 0.6813186813186813 0.6796116504854369 0.6666666666666666 0.6434782608695652 0.6470588235294118 0.6592592592592592 0.6717557251908397 0.6491228070175439 0.6491228070175439 0.6495726495726496 0.6554621848739496 
1.0 1.0 1.0 0.9333333333333333 0.9230769230769231 0.9166666666666666 0.9285714285714286 0.9230769230769231 0.9230769230769231 0.9230769230769231 0.9230769230769231 0.9166666666666666 0.9090909090909091 0.9166666666666666 
0 0 0 0 0 0 0 0 0 0 0 0 0 0 
0.6296296296296297 0.6701030927835051 0.6701030927835051 0.6831683168316832 0.6831683168316832 0.6831683168316832 0.6699029126213593 0.6699029126213593 0.6826923076923077 0.6509433962264151 0.6481481481481481 0.6379310344827587 0.631578947368421 0.6571428571428571 
1.0 1.0 1.0 1.0 1.0 1.0 0.9285714285714286 0.8461538461538461 0.8888888888888888 0.8823529411764706 0.875 0.9230769230769231 0.9090909090909091 0.9230769230769231 
0.9090909090909091 0.84 0.8947368421052632 0.88 0.8666666666666667 0.875 0.8421052631578947 0.8421052631578947 0.8235294117647058 0.8823529411764706 0.8823529411764706 0.8823529411764706 0.8823529411764706 0.8823529411764706 
0.0 0.0 0.0 0.0 0.0 0.0 0.0 0.0 0.0 0.0 0.0 0.0 0.0 0.0 
1.0 1.0 1.0 1.0 1.0 1.0 1.0 1.0 1.0 1.0 1.0 1.0 1.0 1.0 
1.0 0.9230769230769231 1.0 1.0 1.0 1.0 1.0 1.0 1.0 1.0 1.0 1.0 1.0 1.0 
0 0 0 0 0 0 0 0 0 0 0 0 0 0 
0 0 0 0 0 0 0 0 0 0 0 0 0 0 
1.0 1.0 1.0 1.0 1.0 1.0 0 0 0 0 1.0 1.0 1.0 0 
0 0 0 0 0 0 0 0 0 0 0 0 0 0 
0 0 0 0.0 0 0 0 0.0 0.0 0.0 0.0 0.0 0.0 0.0 
1.0 0.875 0.8888888888888888 0.8571428571428571 0.8571428571428571 0.875 1.0 1.0 1.0 1.0 1.0 1.0 1.0 1.0 
1.0 1.0 1.0 1.0 1.0 1.0 0.7272727272727273 0.8333333333333334 1.0 1.0 0.875 0.7142857142857143 0.7142857142857143 0.7142857142857143 
0.6666666666666666 0.625 0.64 0.6557377049180327 0.6764705882352942 0.676923076923077 0.6610169491525424 0.6666666666666666 0.6461538461538462 0.6875 0.6825396825396826 0.6825396825396826 0.696969696969697 0.7246376811594203 
0 0 0 0 0 0 0 0 0 0 0 0 0 0 
1.0 0.75 0.7272727272727273 0.8571428571428571 1.0 1.0 1.0 1.0 0.8 0.75 0.75 0.75 0.8571428571428571 0.8 
0 0 0 0 0 0 0 0 0 0 0 0 0 0 
0.65 0.6666666666666666 0.6326530612244898 0.6627906976744186 0.6627906976744186 0.7076923076923077 0.6756756756756757 0.704225352112676 0.6538461538461539 0.6794871794871795 0.6753246753246753 0.6794871794871795 0.6781609195402298 0.6435643564356436 
1.0 0.9090909090909091 1.0 1.0 0.8571428571428571 0.9166666666666666 0.9090909090909091 0.9 0.9 0.9 0.875 0.8571428571428571 0.8 0.8 
0 0.0 1.0 0.3333333333333333 0.6 0.6 0.6 0.6 1.0 1.0 1.0 1.0 1.0 1.0 
0 0 0 0 0 0 0 0 0 0 0 0 0 0 
1.0 0.9166666666666666 1.0 1.0 1.0 0.8333333333333334 0.8333333333333334 0.8333333333333334 0.8333333333333334 0.8333333333333334 0.8333333333333334 1.0 1.0 0.8 
1.0 1.0 1.0 1.0 1.0 1.0 1.0 1.0 1.0 1.0 1.0 1.0 1.0 1.0 
0.0 0 0 0 0 0 0 0 0 0 0 0 0 0 
0 0 1.0 0 0 0 0 0 0 0 0 0 1.0 0 
0.0 0 0 0 0 0 0 0 0 0 0 0 0 0 
0.6296296296296297 0.6701030927835051 0.6701030927835051 0.6831683168316832 0.6831683168316832 0.7087378640776699 0.7040816326530612 0.6153846153846154 0.6076923076923076 0.6324786324786325 0.6528925619834711 0.6756756756756757 0.6694915254237288 0.6722689075630253 
1.0 1.0 1.0 1.0 1.0 1.0 1.0 1.0 1.0 1.0 1.0 1.0 1.0 1.0 
1.0 0.8333333333333334 0.8888888888888888 0.9090909090909091 0.9166666666666666 0.9333333333333333 0.9375 0.9 0.9 0.8888888888888888 0.8888888888888888 0.9 0.9 0.9090909090909091 
1.0 1.0 1.0 1.0 1.0 1.0 1.0 1.0 1.0 1.0 1.0 1.0 1.0 1.0 
1.0 1.0 1.0 0.9166666666666666 0.9230769230769231 0.9090909090909091 1.0 1.0 1.0 1.0 1.0 0.9444444444444444 0.9444444444444444 0.9444444444444444 
1.0 0.8888888888888888 0.9090909090909091 0.8888888888888888 0.8888888888888888 0.8888888888888888 0.8181818181818182 0.8 0.6666666666666666 0.6666666666666666 0.6363636363636364 0.6363636363636364 0.6666666666666666 0.6666666666666666 
1.0 1.0 1.0 1.0 1.0 0.8 0.8333333333333334 1.0 0.8333333333333334 0.8333333333333334 0.8333333333333334 1.0 0.8571428571428571 0.75 
0.6666666666666666 0.8 0.6410256410256411 0.6739130434782609 0.6666666666666666 0.6909090909090909 0.6949152542372882 0.5977011494252874 0.6451612903225806 0.6344086021505376 0.6410256410256411 0.7317073170731707 0.7142857142857143 0.7209302325581395 
0.65 0.6701030927835051 0.6701030927835051 0.6761904761904762 0.6796116504854369 0.66 0.6629213483146067 0.6666666666666666 0.69 0.6836734693877551 0.6862745098039216 0.7021276595744681 0.6435643564356436 0.6534653465346535 
0 0 0.0 0 0 0 0 0 0 0 0 0 0 0.0 
1.0 1.0 1.0 0.6666666666666666 0.6666666666666666 1.0 1.0 1.0 1.0 1.0 1.0 1.0 1.0 1.0 
0.0 0 0 0 0 0 0 0 0 0 0 0 0 0 
0 0.0 1.0 1.0 1.0 1.0 1.0 1.0 1.0 1.0 1.0 1.0 1.0 1.0 
0 0 0 0 0 0 0 0 0.0 0.0 0.0 0.0 0.0 0.0 
0.0 0.0 0.0 0.0 0.0 0.0 0.0 0.0 0.0 0.0 0.0 0.0 0.0 0.0 
1.0 1.0 1.0 1.0 1.0 0.9 1.0 0 1.0 1.0 1.0 1.0 1.0 1.0 
1.0 1.0 1.0 1.0 1.0 1.0 1.0 1.0 1.0 1.0 1.0 1.0 0.8888888888888888 0.8888888888888888 
1.0 1.0 0.8333333333333334 0.9 1.0 0.9090909090909091 1.0 1.0 0.875 0.8888888888888888 0.9411764705882353 0.9230769230769231 0.9285714285714286 0.9230769230769231 
0.7391304347826086 0.6764705882352942 0.7111111111111111 0.8032786885245902 0.782608695652174 0.7380952380952381 0.6842105263157895 0.7142857142857143 0.7142857142857143 0.6857142857142857 0.7222222222222222 0.7105263157894737 0.7222222222222222 0.7222222222222222 
0 0 0 0 0 0 0 0 0 0 0 0 0 0 
0.6909090909090909 0.6923076923076923 0.7777777777777778 0.7777777777777778 0.7916666666666666 0.7916666666666666 0.8421052631578947 0.6739130434782609 0.6739130434782609 0.7142857142857143 0.6888888888888889 0.6666666666666666 0.6764705882352942 0.6636363636363637 
0.65 0.6701030927835051 0.64 0.6764705882352942 0.6764705882352942 0.6764705882352942 0.6730769230769231 0.6822429906542056 0.6696428571428571 0.6551724137931034 0.6548672566371682 0.6724137931034483 0.6612903225806451 0.6694214876033058 
0.0 0 0 0 0 0.0 0.0 0.0 0.0 0.0 0.0 0.0 0.0 0.0 
0 0 0 0 0 0.0 0.0 0 0 0.0 0 0 0 0 
1.0 1.0 1.0 0.6666666666666666 0.8 0.7142857142857143 0.6666666666666666 1.0 1.0 1.0 1.0 1.0 1.0 1.0 
1.0 0.8333333333333334 1.0 1.0 0.75 1.0 1.0 1.0 1.0 1.0 1.0 1.0 1.0 1.0 
0 0 0 0 0 0 0 0 0 0 0 0 0 0 
0 0 0.5 0.3333333333333333 0.5 0.5 0.5 0.5 0.5 0.5 0.5 1.0 1.0 1.0 
0 0 0 0 0 0 0 0 0 0 0 0 0 0 
0.0 0 0 0 0 0 0 0 0 0 0 0 0 0 
0.0 0.0 0.0 0.0 0.0 0.0 0.0 0.0 0 0 0 0 0 0 
0 0 0 0 0 0 0 0 0 0 0 0 0 0 
0.0 0.0 0.0 0.0 0.0 0.0 0.0 0.0 0.0 0.0 0 0 0 0 
0 0 0 0 0 0 0 0 0 0 0 0 0 0 
1.0 1.0 1.0 1.0 1.0 1.0 1.0 1.0 1.0 1.0 1.0 1.0 1.0 1.0 
0.8571428571428571 0.7142857142857143 0.8181818181818182 0.7058823529411765 0.660377358490566 0.7727272727272727 0.7083333333333334 0.8333333333333334 0.825 0.8048780487804879 0.803921568627451 0.8076923076923077 0.8148148148148148 0.875 
0.6666666666666666 0.5714285714285714 0.6767676767676768 0.6605504587155964 0.6638655462184874 0.6638655462184874 0.6538461538461539 0.6422764227642277 0.6554621848739496 0.6666666666666666 0.6551724137931034 0.6611570247933884 0.6496350364963503 0.6417910447761194 
1.0 0.6666666666666666 0.8333333333333334 0.8 1.0 0.8333333333333334 0.8333333333333334 0.8333333333333334 0.8 0.8 0.8181818181818182 0.8333333333333334 0.8333333333333334 1.0 
0.65 0.6701030927835051 0.696078431372549 0.6881720430107527 0.6976744186046512 0.6739130434782609 0.7011494252873564 0.686046511627907 0.6732673267326733 0.6666666666666666 0.672566371681416 0.672566371681416 0.7 0.6974789915966386 
0 0 0 0 0 0 0 0 0 0 0 0 0 0 
0 0 0 0 0 0 0 0 0 0 0 0 0 0 
0.0 0.0 0 0 0 0 0 0 0 0 0.0 0.0 0.0 0.0 
0 0 0 0 0 0 0 0 0 0 1.0 1.0 1.0 0 
0 0 0 0 0 0 0 0 0 0 0 0 0 0 
0.0 0.0 0.0 0.0 0.0 0.0 0.0 0.0 0.0 0.0 0.0 0.0 0.0 0.0 
1.0 0.8888888888888888 1.0 1.0 1.0 1.0 1.0 0.875 1.0 1.0 1.0 1.0 1.0 1.0 
0.6111111111111112 0.6701030927835051 0.6701030927835051 0.6831683168316832 0.6698113207547169 0.6666666666666666 0.6792452830188679 0.648936170212766 0.6730769230769231 0.6761904761904762 0.6178861788617886 0.6637931034482759 0.6495726495726496 0.6495726495726496 
0 0 0 0 0 0 0 0 0.0 0.0 0.0 0 0.0 0.0 
1.0 0 1.0 1.0 1.0 1.0 1.0 1.0 1.0 1.0 1.0 1.0 1.0 1.0 
0 0 0 0 0 0 0 0 0 0 0.0 0.0 0.5 0.5 
0 0 0 0 0 0 0 0 0 0 0 0 0 0 
1.0 1.0 1.0 1.0 1.0 1.0 1.0 1.0 1.0 1.0 1.0 1.0 1.0 1.0 
0.0 0 0 0 0.0 0.0 0.0 0.0 0.0 0.0 0 0 0 0 
1.0 1.0 1.0 1.0 1.0 1.0 1.0 1.0 1.0 1.0 1.0 1.0 1.0 1.0 
0 0 0 0 0 0 0 0 0 0 0 0 0 1.0 
